X Y Z D E
0.18113438785546543 0.6308661801976054 0.5925994029737149 0.754452249131188 1
0.7780264970169781 0.9185678756943592 0.9741921983827839 0 0
0.1675718888807245 0.1537908247906643 0.7718430511182142 0.9737905546200134 1
0.7562513777871114 0.14981476825355378 0.20359752151550836 0.6368982562452418 1
0.43721264435243756 0.7916092072390106 0.9669391555171574 0.42684888032273677 0
0.7146021492248802 0.8879217377288395 0.5099835346936996 0 0
0.7775438898951506 0.03846690345843751 0.3325474209394812 0.6276510149956241 1
0.2292960783525817 0.044401982276480956 0.8735465754366614 0.972343443656636 1
0.2108211929649364 0.31421590165636615 0.7202806037429053 0.9256472285612473 1
0.12543568226418733 0.9922905132475544 0.8428375725906849 0 0
0.7035226046478873 0.6820067970721584 0.5974301247030942 0.19980659022371675 0
0.05374061166340671 0.037020629139252526 0.056392916122058434 0.9978684380599362 1
0.3913399714991417 0.07998916525701683 0.6217239444273814 0.916763197422615 1
0.04522830247240672 0.7922590521557982 0.1976527167858737 0.60850636392125 1
0.41503942087447543 0.20217120731715799 0.9311369475433546 0.8870564142443832 0
0.35508791914329185 0.22506212243277401 0.25983751739325567 0.9073365476627414 1
0.6516118476869264 0.5546128504284868 0.8942991479466622 0.5175003247280322 0
0.8403868083112762 0.12982234964816342 0.3985765165330355 0.5262092454035907 1
0.9708590873276668 0.11250275923821129 0.17841064683167596 0.21160283957706938 1
0.7127741830807319 0.2929297354207807 0.47223489261121343 0.6372951702624983 1
0.27106855633943105 0.2664808599801496 0.4974338670276983 0.9249377217025462 1
0.4706263210776276 0.07151962884167351 0.5343629345075072 0.8794292516168012 1
0.16875915746173953 0.10080759633704273 0.2635993444167253 0.9804887430733469 1
0.4092142874893834 0.743090821838335 0.22335781356141182 0.5294900352359657 1
0.48279821860134287 0.759669839754999 0.6284420696694757 0.43566915736827644 0
0.377160250883249 0.6477627855972798 0.05003997970335594 0.6619316571587561 1
0.6513732966456176 0.45079086726834516 0.5058892024725499 0.6103281268338152 1
0.4488238875588386 0.3764659962939536 0.9192099554936095 0.810450782954136 0
0.5125622694946042 0.22300342987753363 0.6932446907963632 0.829185980437077 1
0.3547150653767128 0.4948778147667712 0.11555755768108966 0.7932674018554271 1
0.7908167974499636 0.7600831197659319 0.9623833892461662 0 0
0.6521399864016453 0.08002404877782587 0.45456170452099687 0.7538631107523872 1
0.05775662309604224 0.879344434130493 0.25962654695895604 0.4726706450079851 1
0.8963392334167775 0.6869273205838218 0.026410847918999947 0 0
0.0052583595372328595 0.3757090117630604 0.060288823899552924 0.9267227676792028 1
0.4892872369539272 0.46905540325004935 0.280943231258298 0.7352448765111697 1
0.9497422114112521 0.5097313096272587 0.49974227561002693 0 0
0.7247832159078857 0.6416233366101607 0.05078758278193751 0.25101550520927496 1
0.8154747084631477 0.9057954994469328 0.3682866892322707 0 0
0.8847914115618942 0.06587440105147557 0.7273168061779727 0.4613076211297837 0
0.536886556866297 0.483826682870127 0.3318511980209251 0.69113281357431 1
0.6237716322970481 0.22429352755084841 0.9009222273461563 0.7487331729262923 0
0.7533799331274196 0.21737266803530209 0.253607722201018 0.6206188843019033 1
0.3292814739252783 0.8099742824875953 0.5837187828125128 0.48529926090846404 0
0.7236498816445578 0.17174804292293655 0.2509079177699629 0.6684560258894812 1
0.9281538295181289 0.2987464201451755 0.6198665199453648 0.2219933449481639 0
0.8173921723566486 0.992662168827033 0.42496749506421017 0 0
0.4143909228266136 0.393560696199734 0.7873027543435016 0.8206035227109912 1
0.2150563787638473 0.5539462095208376 0.845388590089974 0.8042974268953476 0
0.33486866102320034 0.23883584002973413 0.14263525678551692 0.9114935114315517 1
0.0582594342923628 0.0022140496955589395 0.2314889055292082 0.9982990214859871 1
0.29773246475000814 0.9384531511643568 0.8571378317183165 0.17510300540988447 0
0.847776986705598 0.15203321156656435 0.7636427179338399 0.508094561467777 0
0.8192137786103899 0.30028554595060686 0.19075765355711272 0.488587122044813 1
0.18859083330703963 0.647310837025941 0.6637096796085296 0.7385270325867104 1
0.3017067048161386 0.8933453843553094 0.1592640511893384 0.3330271588325071 1
0.14265759279000956 0.8553376935962915 0.8808502339550386 0.49804240897009594 0
0.6888949653038094 0.11618248405433551 0.9336113314715302 0.7154895926413096 0
0.6181965852390563 0.9285061651584208 0.4249045684425483 0 0
0.9875225411188975 0.8084277818009826 0.459460841857134 0 0
0.6488539004829628 0.07893346466744844 0.3208271137391179 0.7568078514283781 1
0.9462826477660937 0.5965581997119238 0.2953368593377179 0 0
0.7677497376221445 0.8726130660670481 0.5160982119869952 0 0
0.4091857982252458 0.9695120853882644 0.023242887320183536 0 0
0.7067240669763921 0.13087785963429321 0.6596822446785255 0.6952784183432521 1
0.7065120726426832 0.5519393094250522 0.06309260907964864 0.44294885700443615 1
0.2746963166139986 0.5516064859514955 0.9764827725810767 0.7875736272215725 0
0.39498019455882494 0.41103208186382156 0.20537265529519555 0.8216101713008217 1
0.5370418760745725 0.5331606685640222 0.8921312271093937 0.6537015563991478 0
0.8654959818085244 0.07469137547203308 0.45612743322395066 0.4953159637074039 1
0.6425484109094082 0.9709338216643995 0.6147632919029329 0 0
0.6151843398705061 0.23153349942449508 0.5275305642798427 0.7536182499265374 1
0.9228801299172711 0.42051455992987075 0.4951388849086207 0 0
0.1398644363561672 0.7207564915694515 0.5911288274874917 0.6789315276986825 1
0.403241218201023 0.3516096505567443 0.6502040308286026 0.8448474262132301 1
0.7804456153604291 0.36245956745997376 0.02146596461203143 0.5094386159503517 1
0.4428540230714546 0.6227539514088136 0.7360103322054732 0.6450254493073405 0
0.7921079157302535 0.8778730998245841 0.25186417269578043 0 0
0.8420301118197253 0.5918521892006721 0.4987902962161588 0 0
0.750549095737395 0.5988811424797176 0.5299308391227298 0.279316007543368 0
0.9752686994082822 0.2116468225207453 0.2142782212768517 0.0636913374906658 0
0.752465219840466 0.2878571460108159 0.46107446403542385 0.5923971272895802 1
0.5004006258145524 0.23154852510311374 0.8159103580484572 0.8342568514594154 1
0.8908674848081706 0.08611512299656066 0.34479292847712384 0.44602613163675875 1
0.8185796048486162 0.8367574625852214 0.25661233197849964 0 0
0.4821926286482723 0.18013238133574072 0.562378629005688 0.8573462509812384 1
0.7746780363001935 0.1721461950219012 0.6027500875938558 0.6084731938331858 1
0.19924452898586775 0.6984175651514235 0.8644684403023648 0.6873969176226766 0
0.9488668109105922 0.3447808934254133 0.4780396321257141 0 0
0.9319043228068467 0.5997255889911683 0.9584789606810176 0 0
0.631846589394558 0.16568464529985238 0.1382654441769573 0.7571779749717545 1
0.25902527348798365 0.3874497714131122 0.8163954702104139 0.8847534019863401 1
0.8092418455540515 0.9454001409186801 0.9761120594157626 0 0
0.26243731643783574 0.30077028580176735 0.13298930794414465 0.9168772492104003 1
0.9080424501569275 0.18797974792764727 0.409990326260127 0.37432943122610857 0
0.72082132022918 0.7236157824158214 0.3448877421827192 0 0
0.7345979354803338 0.6923316958116237 0.6422669675609889 0 0
0.09430246532437137 0.17520591244325368 0.2334242059263092 0.9800050679862184 1
0.40650458362860364 0.7585241284244468 0.7563848040779595 0.5093085215140906 0
0.19914893299805825 0.9048950887908596 0.27189298857828237 0.3761709462038732 1
0.3991481087359594 0.2054932049784297 0.0965822061076127 0.8935621578828189 1
0.48961965742369506 0.5209164482754314 0.8585835468310108 0.6992271769463865 0
0.25653648799892426 0.5270500601527746 0.7654845075271535 0.81018964719264 1
0.9274694713352036 0.8061540204730362 0.9729724474515362 0 0
0.32760356102768706 0.7215666645200776 0.1156073512625806 0.609932336784457 1
0.9771107600890985 0.37436061854649627 0.5446665375553865 0 0
0.5135257935228301 0.9857438791336264 0.32684865242218786 0 0
0.9739637243442301 0.4707713524350672 0.9168293951577682 0 0
0.9882255202304562 0.37390360789945576 0.27325950598667115 0 0
0.12472870651258994 0.30330974304503155 0.11817025590868746 0.9446935744174685 1
0.23514706846407973 0.1718854250951487 0.5636346189765493 0.9566406100686973 1
0.7854750706642977 0.6194737436564686 0.49597547514773166 0 0
0.6104246725558469 0.3254311812502608 0.016956934452134087 0.7221331355125223 1
0.6239681292225201 0.8322834426605972 0.9028981535228915 0 0
0.18662394369394075 0.30905019831657055 0.08660863658549434 0.9325553487920217 1
0.1980673554414536 0.714128299788978 0.5136897563642246 0.6714090363920733 1
0.18590707924618655 0.2099275081174472 0.44805424446796227 0.9598796795545529 1
0.2956062624674729 0.7113130280596272 0.020348605516034013 0.637691707412489 1
0.22663176743837465 0.245124639145202 0.2612184033072755 0.9426303375510959 1
0.16321871849634584 0.12892671962236002 0.5461973485207814 0.9781296186599341 1
0.6287045158112587 0.41411890777190363 0.3885725819184256 0.6582067775587974 1
0.8513266860521389 0.8073382035864587 0.5455942066533437 0 0
0.2735421206411024 0.7250511665928379 0.7079878166592337 0.632040753478392 0
0.27304724989836826 0.8598016143147076 0.5631636494417012 0.4314932019681895 0
0.29546469853112156 0.02357037969773934 0.20719498792094715 0.9550628508756991 1
0.9863531390831444 0.4810154793206307 0.5487469293062639 0 0
0.22089733449907034 0.9477630464781459 0.2311008569864026 0.23010774724391542 0
0.49310663556841416 0.030696060496754995 0.4929197995391721 0.8694271664885902 1
0.8020554382188614 0.12631571923878693 0.21533224999561607 0.5837391652928029 1
0.6490156125977709 0.8523773419144491 0.23023998865375117 0 0
0.5252138567989169 0.3446377567799366 0.35905534181650234 0.7780586232592632 1
0.4774364788712018 0.336023532178898 0.47736735606354985 0.8118759723412718 1
0.3815836729878146 0.5218607953313159 0.577821318444526 0.7629254293869716 1
0.45457251057311576 0.22643141773744313 0.9045044043375161 0.8614479936088226 0
0.9859055038164222 0.8490823763128941 0.15629350881204962 0 0
0.9875900668396485 0.7465590318673345 0.9231729936442332 0 0
0.5921464843196638 0.17502767122555962 0.392304039880496 0.7865925599783026 1
0.9070924605361179 0.1167149678464201 0.6469623501355501 0.404426611784067 0
0.2589088645871662 0.7974749009382787 0.8996012389728629 0.5449770474172899 0
0.61793476367543 0.14707110316552185 0.12939925403117214 0.7723514216048721 1
0.15330610539139666 0.2969924493678764 0.2939498024467315 0.9424928238815357 1
0.68736185792424 0.17662871726267992 0.514738360544073 0.7045111585412095 1
0.54984500447923 0.773602455574812 0.11345983144880578 0.31497573204590945 1
0.3764303907040132 0.14602123216057517 0.910164337610899 0.9148649958943293 1
0.355189754174414 0.2471306884828779 0.9985085753551397 0.9015357238287888 0
0.4584704480833095 0.1777049712715142 0.014402782047064244 0.8707616157248089 1
0.9271416480907988 0.06982101369820937 0.8832112859023356 0.3681485982882889 0
0.4579007137375859 0.08871156103531685 0.3283622066358278 0.8845661056683591 1
0.11951291447997847 0.2944670354472314 0.372470165374043 0.9481591787814008 1
0.05170416743987727 0.7666949054564358 0.30497101926992065 0.6399262465444717 1
0.8751161129996112 0.24640984025862522 0.03797331956795036 0.4164780659196478 1
0.04234990533296612 0.47632378818104204 0.6398739613913667 0.8782494715803424 1
0.7091894675183392 0.9118414341625378 0.7312994545546336 0 0
0.017202945391419533 0.3511489414262905 0.41363836828869993 0.9361615670412108 1
0.2976289661333442 0.45329101576184794 0.6699020297011844 0.840204887838668 1
0.6845790783749579 0.81016568216727 0.9374171288956217 0 0
0.1589152946036816 0.29176963416338686 0.4061087715099245 0.9431947888539188 1
0.06389498272570338 0.527549545353641 0.9170623360211883 0.8471180014494137 0
0.7987200527906151 0.13466820302564764 0.8096383199145831 0.5864390440310058 0
0.8331099979923142 0.961653687072473 0.507862881544245 0 0
0.1944833221361033 0.595119620998565 0.8224181599595843 0.7797492379691237 0
0.24584126503445902 0.4642378008155412 0.1322126289877672 0.850908536036751 1
0.9443713127111513 0.700924528127232 0.46317323006848965 0 0
0.876137000286334 0.9215233921330848 0.5497209446990319 0 0
0.703932532856141 0.39094457200334154 0.3768318347527684 0.5929935335295505 1
0.18407452705340432 0.8642001582742531 0.8634844335875418 0.46826771715421656 0
0.5680679292882664 0.23102421636646997 0.9226227104446663 0.7898902703327847 0
0.8088390944371375 0.07662414577378374 0.7594611044514687 0.5830163459068273 0
0.27985333250035205 0.3586227059526401 0.20894391620932384 0.8905458253586133 1
0.24420671274725936 0.23079743453053303 0.07353449500986153 0.941857540004486 1
0.26964456898625677 0.9675870804250468 0.7777139025939566 0 0
0.35142821664273227 0.9694165179795111 0.821144959951319 0 0
0.18440703063362474 0.6143257943767995 0.2460330378971105 0.7672013200042109 1
0.8740392024375858 0.9971114823172174 0.4125991690075044 0 0
0.7073902921476649 0.9054938420919916 0.5273674256391958 0 0
0.7139572037884776 0.13393915526103717 0.08169273733791882 0.6872593497701562 1
0.7792529345901844 0.5379349939370235 0.504931480166378 0.3215444078670321 0
0.48992186538503235 0.8660627758238282 0.8340587958781651 0.09955819479066383 0
0.26618397927181414 0.03482453606140279 0.751798154690215 0.963292967309079 1
0.820193781667983 0.05942773578769378 0.520329903817176 0.5689907773701794 1
0.6957353049639927 0.9300901582732446 0.956819212455452 0 0
0.43066676341513155 0.6275372141534172 0.33760679756924117 0.6486317782394748 1
0.17380384772452917 0.19214921263009566 0.6858164903181672 0.965852422786102 1
0.11153324060963388 0.3887377760089099 0.100219862968834 0.9145727296080723 1
0.3976927019821166 0.9069595880478758 0.22561413935419505 0.13879776813115868 0
0.021763347769198527 0.6618371141687553 0.6789408896151659 0.7493316962484976 1
0.9327495846261202 0.08861440594713499 0.8106929841212032 0.34946487582936925 0
0.6692894620427734 0.36303384892986057 0.43094531052172536 0.6482731218627424 1
0.7326461477712529 0.31427446189123387 0.6740099228113157 0.6037062073218387 0
0.9921442150726354 0.40567993270297853 0.0647111740839117 0 0
0.7645772606113403 0.3852289686458912 0.000784975597778903 0.5167400258080281 1
0.9089516048305528 0.7544961389185492 0.6173580556698655 0 0
0.27625281628961273 0.9628903045889843 0.804947481966132 0 0
0.07888928595626465 0.28134025280548025 0.05482802925883301 0.956359839554474 1
0.2670673781311077 0.10790259749058473 0.7564470631354663 0.9576179013536458 1
0.16975265503823445 0.9794701862982464 0.2907629600592989 0.10872989589045226 0
0.639515186328828 0.48359711461670196 0.5285337352126331 0.5976237588894913 1
0.3469623669604145 0.39656808121623377 0.7903341344526706 0.8499122736339917 1
0.9589702410861061 0.913866610005186 0.26170281170562393 0 0
0.41548050193878816 0.3546155358157952 0.019849488230089696 0.8376298551668089 1
0.9067909987741465 0.2910069721621307 0.7404503085736847 0.30503282888111366 0
0.9596197028234783 0.022739210300091628 0.5926942282054337 0.2803800175973804 0
0.5607340329899024 0.9508581133182596 0.6815479706356833 0 0
0.10659496309809069 0.9053851948448166 0.9514894656764903 0.4109928987195888 0
0.7188930976902066 0.5809734530010491 0.6828291206333155 0.3816576489491818 0
0.06499600152892215 0.05224069570198542 0.07672381991010702 0.996517149625547 1
0.8520761446391725 0.3187111645470113 0.22251753409888764 0.41519806999784087 1
0.12136549237383898 0.8707518911770147 0.1838178986004475 0.4765097703851496 1
0.18370930785585715 0.2770268569195733 0.5163743539104608 0.9431367932343558 1
0.7697013023226691 0.47083155087204465 0.4430163187328815 0.43113519446481335 0
0.9475999973681708 0.9800586000937606 0.23348363604028521 0 0
0.39704273877361396 0.35568658204103554 0.1128517571695129 0.8460757170272135 1
0.5201359116316093 0.05124369620092151 0.833526051111088 0.8525448475187815 1
0.33059376914448935 0.008400064701334031 0.6877056360538472 0.9437357674242582 1
0.5874353159815564 0.18682173103681143 0.25209180309464285 0.7874118302070768 1
0.3168616562144082 0.7439669033435334 0.8966467495217414 0.5883127888721235 0
0.35218072429357594 0.020894205366187135 0.7186464116032727 0.9356987600815595 1
0.8489300520506016 0.11887443072695625 0.7858169656126639 0.5149627524828422 0
0.0965656543890232 0.7669895245985341 0.6040066417704739 0.6343517506467011 1
0.045306059302849366 0.504754281001333 0.03188447987648413 0.8620733592921626 1
0.5095226759043812 0.22582831817045013 0.1569011849387647 0.8302940524004402 1
0.8399027459630792 0.3206113526657428 0.16393422395932622 0.4379175012094423 1
0.5599573479906024 0.06958251605294508 0.33995596453381927 0.8255943567461402 1
0.24137008124584947 0.08931974352178829 0.7608594769032337 0.9663138554820447 1
0.1576870098872163 0.23105802387803398 0.42833767395252353 0.9600765576319458 1
0.6249301827070415 0.11197094218412107 0.2591988144977786 0.7726090698717845 1
0.790617866546879 0.4967095835508859 0.7528241850125592 0.3580544353943502 0
0.3008046087670757 0.8314252056128748 0.2759345334950083 0.4671709695776005 1
0.09501980216099004 0.33653932695194966 0.5097229287999181 0.9368631269358481 1
0.11203945371565682 0.19922317949308543 0.5939219579674697 0.9735282664431285 1
0.39415216443390877 0.3355167491597604 0.8464186326567833 0.8556124019118303 1
0.1159807286832859 0.33588671152943395 0.5230466936404616 0.9347345011242695 1
0.08004985917163676 0.14675153507852934 0.6233444904357739 0.9859290070784489 1
0.3500959714172889 0.9280668715667832 0.23247547914517086 0.12698304098433275 0
0.12830982391735946 0.39423364451151555 0.19071196285428127 0.91000902337365 1
0.9407741081027969 0.4143362272282458 0.7111149636337954 0 0
0.37207890704112967 0.26341523135877387 0.8394578617491986 0.890039158028051 1
0.11789216951159487 0.788931337876063 0.26488401288042085 0.6030661493442778 1
0.32113788457322157 0.4146962591760055 0.6793657642091531 0.8514091094868926 1
0.2607490897593312 0.9410726566526888 0.31993943030444383 0.21538840983286606 0
0.7957767151580211 0.41109513708042034 0.36025342261362425 0.4446798937225971 1
0.8331132943561956 0.3357033443071611 0.23009319768336067 0.43957422966770304 1
0.5763232273354455 0.43121815510533956 0.7533936697545323 0.6941919333593584 0
0.0009747550550094353 0.14564837547284992 0.3393306213220557 0.9893359391908809 1
0.15893865002894603 0.7543158467612394 0.6061780444568785 0.6369820318123978 1
0.5433129386474636 0.3731849117169159 0.2575514979404716 0.7520266433877826 1
0.009800234820954046 0.5478474824121282 0.6889049079628784 0.8365208254503572 1
0.26894762922847737 0.282373989613826 0.6408966336159319 0.9208322880535588 1
0.8004820086603526 0.8829841573322401 0.2973412338578927 0 0
0.9137665644964466 0.5209699235502714 0.11323601341949696 0 0
0.12624245424787706 0.9696917552106907 0.9696557343567247 0.20919068483534933 0
0.9736354306208606 0.012995351467808502 0.6846895953912628 0.22773925678275053 0
0.9998498720879694 0.5037947645186243 0.05619650610044302 0 0
0.15935580312317987 0.9204242151107276 0.3439479541159387 0.3569663741149402 1
0.7412545035911324 0.5970654812744998 0.8012888212452325 0.3066831785023656 0
0.18087315852702313 0.20649253459518224 0.11134612316246595 0.9615850111565362 1
0.9575374048482135 0.36798715853103103 0.4489961788688901 0 0
0.37038037671309665 0.37608188693374256 0.8237233038368734 0.8493413865261837 1
0.8899996950693221 0.9730166393370028 0.9434967215506433 0 0
0.24256805641579726 0.8444272817404654 0.43659594340490115 0.47760161626513703 1
0.803075883551208 0.19255182958078954 0.8262682506743535 0.5639086080062418 0
0.31987970215108863 0.7874917048764201 0.5720804178914247 0.5268147595716735 0
0.6920729721681358 0.9803172400487632 0.4008445548551005 0 0
0.746625892218916 0.34015370438189385 0.0929432497010112 0.5717037995881983 1
0.25195842762325693 0.5044737103183559 0.8611646134823407 0.8258469751396125 0
0.3279870724933347 0.7614521289541774 0.8883162092024552 0.5591199652922464 0
0.4429413771651749 0.5902489304462568 0.44565635037256746 0.6748400821691523 1
0.8678835742785955 0.7295043420039005 0.8407690577357438 0 0
0.2209253445196424 0.9098324207787574 0.6028972109483941 0.3512790318945091 0
0.4216280956087086 0.8355821465740225 0.4655457633752622 0.3521820911405382 0
0.3589670922797692 0.7055054215836445 0.7100862991504533 0.6110685123423492 0
0.9325940505589396 0.288599824960903 0.6116139001594671 0.21674519116835353 0
0.4129657862138343 0.25038211733175375 0.7348865998014922 0.8756529305251355 1
0.7632919867092327 0.48676187411286276 0.8375667283605901 0.4247919737184379 0
0.1375651167604539 0.9069351746859409 0.9835661884923872 0.39817637746112544 0
0.6197036970610368 0.3069608815957141 0.12767594085005518 0.7223173437062582 1
0.04311093852145165 0.7796866166775351 0.5123266914813416 0.6246841015695357 1
0.6541146139285039 0.470498138174553 0.35633594289173387 0.5922546528474416 1
0.16834047815273845 0.48690386399956687 0.5109387869105559 0.8570799908045915 1
0.5301102994555054 0.04437387129887127 0.3291575661311794 0.8467668096690762 1
0.9328881664333037 0.023406197056820233 0.022702090269812736 0.3594048119711892 1
0.9236309471766058 0.640391975222891 0.6194844263673935 0 0
0.012018795538419225 0.2268148843981317 0.07851789740798298 0.9738637259746703 1
0.5721339539304697 0.6121190621567791 0.2623437340214798 0.5458690250455619 1
0.9900190062726444 0.12448818530608907 0.6997869806439434 0.066068592675511 0
0.4585745518992823 0.48884096778134034 0.29360195583834026 0.7421212088122634 1
0.6358158680844548 0.03078574374139409 0.389450550492485 0.7712265684442545 1
0.8479080908342593 0.2234183282654829 0.47826788896573613 0.48076618027151036 1
0.11218620440244731 0.21171141631075185 0.29015233341140045 0.9708720470512414 1
0.8757777503513109 0.8630720326830625 0.7860128789191083 0 0
0.20343831587380734 0.9745729618781305 0.48446884292089565 0.09391695060273735 0
0.5628117295198163 0.6418622230050703 0.9548542957079955 0.5208222765914516 0
0.9455575475838416 0.59006841531161 0.24947064502293248 0 0
0.21281783808910393 0.8422696415622437 0.6016105676897523 0.49526802712641305 0
0.43629842390638807 0.53355892846748 0.17088211453829372 0.7245402370810308 1
0.6430361255868733 0.7019448001165578 0.9054657997680942 0.3062320015601712 0
0.03822828174648274 0.9617360632146406 0.33360272562465054 0.2712975178417902 0
0.990544041987095 0.4922185180654406 0.3115319260517375 0 0
0.5984348491294078 0.09018873782570358 0.8909030440273147 0.7960789677644231 0
0.6752641055903068 0.6551257213821189 0.05366360263835657 0.338863802854305 1
0.696139539167127 0.5083236546615952 0.5077079901149943 0.5069485221594588 0
0.8043583855469865 0.7200151065889515 0.5261858059283886 0 0
0.8502526203543035 0.14478440056595265 0.5290876146718715 0.5060711006700525 0
0.7628378418043245 0.9009058267436578 0.3501121946533934 0 0
0.18684116072968182 0.3761820276611749 0.7164089080865137 0.9075116873748306 1
0.902131506040533 0.8967543636048998 0.8957793581114153 0 0
0.8332469120959662 0.022389394846394906 0.7550569104152494 0.5524475526970405 0
0.05657662967127486 0.34322486054854395 0.19731376208764662 0.9375477481581789 1
0.5188287852217681 0.7274272943730409 0.10514080851697316 0.4490726255589642 1
0.4980181587815331 0.9077318322553034 0.6143403344020752 0 0
0.6772301739068212 0.515327495020405 0.48017052979276387 0.525163654898291 1
0.06544875548892559 0.925011923145181 0.47404854667391616 0.3742584701034896 0
0.25963942288397335 0.27615886634752695 0.9053169047124663 0.9253775719251716 1
0.2554499685553133 0.7353866247071359 0.25996658460682576 0.6276558179184953 1
0.4780658561612643 0.39404888876370525 0.4198850980574296 0.7849703882547968 1
0.9596785486058508 0.473064414323511 0.6051015662549755 0 0
0.7974780929637666 0.8166672455041581 0.46290153617068897 0 0
0.8560253191866634 0.17923321975668016 0.698162956326156 0.484867101221587 0
0.6937173825681233 0.2354027347448715 0.32891937855177833 0.6806921077825625 1
0.12197029916979107 0.14114557483785095 0.4721871042967496 0.9824465241549406 1
0.13991538254774682 0.8531608936229023 0.048263835438213 0.502533755402648 1
0.4692908798443982 0.5495972221908743 0.23779351510633728 0.6911649321652144 1
0.08846594011370956 0.002244433395947043 0.2887780227040404 0.9960766737347726 1
0.3103305119282662 0.9953786177689281 0.9286105349862039 0 0
0.48363954530015363 0.11567609581957905 0.9074337739796374 0.8675896674567997 0
0.8369854323656332 0.9647659098542771 0.6910732172590925 0 0
0.4223602652320262 0.8197519600749981 0.5150734321636121 0.38680554585777494 0
0.25452368376607115 0.9086363686034709 0.6973888931693784 0.3310553489271038 0
0.6500433203814056 0.9589244762742122 0.46391174381035993 0 0
0.5165499432015046 0.9053703693983359 0.3234472651521705 0 0
0.2269483868580422 0.9100847203539826 0.051940055770528515 0.34675673242310046 1
0.7081406501346321 0.5106076128625334 0.8246229899373339 0.48766452127843557 0
0.743488495258507 0.14616527959797065 0.014802709419889704 0.6525799326199727 1
0.7745408020901143 0.31170361491512066 0.7703656266209422 0.5503884104397988 0
0.6736981860708653 0.4181171076008201 0.17388466771191213 0.6093511618240749 1
0.3110315141233384 0.4666028123790247 0.9683026319771406 0.8279741618565933 0
0.3361610298148676 0.770628872080648 0.768115081519388 0.5414119536448341 0
0.07099170140739597 0.33527864047897316 0.2109279544357605 0.9394404779281413 1
0.6152457768087094 0.02919389154114649 0.4730068489826733 0.7877946120758452 1
0.24394670605727242 0.8630279422455052 0.598545221566076 0.44234915565342237 0
0.6653641644921011 0.8922996134501395 0.33387561065552784 0 0
0.523488842523353 0.48323086424950845 0.9855310803176638 0.7017459394896655 0
0.09082273815821917 0.7453954989449731 0.8579291480108651 0.6604065266076783 0
0.2803160152824937 0.03705995859570699 0.35256069722494643 0.95919210330623 1
0.6558393665008317 0.42266514511200004 0.6065343580024873 0.6254829337841599 1
0.10015063180940365 0.2738912428308289 0.6281529165425066 0.9565319848540148 1
0.10375365903923739 0.010920933848888259 0.36718719260074684 0.9945430666591758 1
0.382597086265251 0.04503476537178219 0.49629808339724146 0.9228170671857172 1
0.7982462142408944 0.931987118659314 0.8578403300755459 0 0
0.34700829824307355 0.629997929986676 0.2362318108929371 0.694757403100499 1
0.6558093407505949 0.9489193598454113 0.4643528084230564 0 0
0.5289854993900542 0.5449989026734527 0.47905109002076096 0.6505002209990304 1
0.267719107542435 0.9233827909327548 0.7857341891844449 0.2751194301860895 0
0.4411801807020457 0.8809838656433482 0.34112702581531007 0.17096045341485694 0
0.8195266002749153 0.4054107628220158 0.8434872327198484 0.4049916848898387 0
0.23738568183360242 0.06695697725806626 0.15505318826498837 0.9691051549016022 1
0.8717697586149973 0.9564295722063556 0.515871815618681 0 0
0.8491121201281047 0.12950942315342062 0.31608402469951447 0.5120897545997415 1
0.3169970379041318 0.27016428243640234 0.8183195739164837 0.9091337296875693 1
0.5091360846980175 0.8116845016962526 0.26037240352026525 0.2862668631967019 1
0.3773040827203209 0.5749692395684893 0.5726656765529985 0.7259834727544494 1
0.6967687809152197 0.8947968166071087 0.5691135964632807 0 0
0.11361306087345491 0.8067172471075144 0.9532261325381639 0.5799132311115502 0
0.5281718523015257 0.48312185774576233 0.728101984946018 0.6983034906146888 0
0.09807355310431398 0.09119477461321401 0.103442202197491 0.9909919733604003 1
0.9364161557060688 0.8346120123182019 0.7887719150961316 0 0
0.27206537017706434 0.2340428533300598 0.20989206174715802 0.9333832959484228 1
0.2735702591616951 0.7245204044473155 0.9007081360271494 0.6326369392010724 0
0.11005567576691178 0.197089675297502 0.49322095085048434 0.9741885896080972 1
0.3482909110349057 0.20855252012956838 0.5043845621545653 0.9138923829631591 1
0.15510799021229094 0.6781408692423518 0.1847676758383059 0.7183776672722582 1
0.013293205728543311 0.03621516053908613 0.8517732447759181 0.9992555993481281 1
0.18933866667169008 0.6247782918104738 0.38662537990368295 0.7574978253337583 1
0.7403544152197394 0.37565874845302183 0.18225758402515546 0.557454791508107 1
0.06948908978311397 0.998609544493609 0.7999805631361885 0 0
0.4485956254517294 0.7302299796568232 0.3240901283311579 0.5152922875766406 1
0.9337758633136131 0.9700723798673294 0.08876169334277129 0 0
0.6426748752103801 0.6071012288990374 0.6424382510114515 0.46732975792538706 0
0.971988953806944 0.7272981858933751 0.009367554132603262 0 0
0.7704817655587666 0.04578218158828551 0.3298538999161982 0.6358158859217526 1
0.3496169527596875 0.6665338455574665 0.2942247498788513 0.6584076389816614 1
0.36964152399159933 0.7823660033606548 0.7236777755502777 0.5012669753002325 0
0.47604947819066434 0.47292521938928433 0.9611483777172425 0.7414301256220935 0
0.20588936334013042 0.2372566353741712 0.5465859767152281 0.9493781433308455 1
0.9077172854438282 0.27913283330237015 0.04048996213412748 0.31326377236935476 1
0.6889765352652242 0.2694029967960334 0.37252817203989097 0.6728546345023149 1
0.03165487256041599 0.9063602364492951 0.5304675873905196 0.4213182773471401 0
0.46204211900035497 0.9178705176151949 0.38240764380397163 0 0
0.08893765434642975 0.21802550544163024 0.13261664146206797 0.9718821804191476 1
0.0620988435208325 0.36804997223319624 0.08619710563771887 0.927729999284554 1
0.03907914179674532 0.7429085054198039 0.4922204848477205 0.6682512800222257 1
0.043573581608080225 0.3819356067072548 0.544548844669348 0.9231611643234376 1
0.1431323298101821 0.10681563698329977 0.20348554221160176 0.983922535497059 1
0.10042068732194243 0.17531022349592984 0.5056250594483314 0.9793783799408663 1
0.3057322546863763 0.31906718282098323 0.25533208332229895 0.89706405640348 1
0.6197588229827626 0.49506743230629624 0.12805279762478072 0.6089394377150091 1
0.5174580660517449 0.25704385643972105 0.6968683066734864 0.816189687354958 1
0.0036615803797450663 0.43250273166704445 0.6105939990548297 0.9016251881628348 1
0.8352658339554986 0.27986908469364935 0.10904154574218605 0.47329090637721366 1
0.17927651708855796 0.7117244434853021 0.6056334770772442 0.6791967660156614 1
0.7230231574427828 0.5420778296899622 0.18293801399118803 0.4282395828973418 1
0.6534441679600125 0.8639872682752423 0.8870443810047357 0 0
0.7810731793384924 0.5295964920234992 0.03774139594200698 0.33083567545605325 1
0.6390255569636651 0.47182761109544025 0.7181093840061503 0.6074743146465105 0
0.9625587276651426 0.5311969299996502 0.7022381888598221 0 0
0.19354844062193854 0.2990178535582997 0.7862447117886455 0.9344128233207222 1
0.9211468008466508 0.988297122456036 0.17864368589864177 0 0
0.5903284952488856 0.29670812332288055 0.4585327815511009 0.7506507558454868 1
0.12953903174015435 0.24477573354111404 0.6092101952344906 0.9608873396633097 1
0.8219027921561084 0.21108472299798842 0.6850149968982135 0.5290737566378202 0
0.914164117748224 0.06443087265987746 0.9030161220414306 0.40019074011013533 0
0.4100488960186679 0.3379240886723056 0.4228315938326763 0.8471524143676056 1
0.19835818088751944 0.19445615219996104 0.19527760497362756 0.9606460518560307 1
0.7252722797329234 0.48487113865697706 0.8102492918140725 0.48875361804133444 0
0.7498384669760876 0.8734252501259954 0.3929701085814121 0 0
0.32020290278841856 0.23391378687838982 0.7544260910366467 0.9180165801084867 1
0.29432603880097785 0.3922601463186983 0.5337305439557902 0.8714953588480886 1
0.6879785684049409 0.6447114334592619 0.7653938136912775 0.33321563135962257 0
0.46879341802982744 0.9844593146817529 0.5305287875526716 0 0
0.32343152540722997 0.26005231781573435 0.42071121933729105 0.9098158277208727 1
0.6650009759202706 0.6907582235503853 0.08544564813156796 0.28394854925250745 1
0.05747883327594039 0.0666242889117099 0.10672617575152521 0.9961211712699644 1
0.061858421366232985 0.3494597216575557 0.4482677170149605 0.9349071818341654 1
0.5776042402467394 0.7923174160747894 0.5826282952747355 0.19648525093135105 0
0.5491177169034109 0.49562649116802704 0.6780542419567834 0.6729220714430869 0
0.7487211878554636 0.12743448198038565 0.7210259899992879 0.6505205881897163 0
0.18826691271773321 0.8109612505820893 0.2268367472142403 0.5539832304592506 1
0.4335955137449963 0.7555205209211173 0.7491764504744685 0.4911045437860418 0
0.4196683827710057 0.960619178758163 0.3290630660255329 0 0
0.08268460305634551 0.665204455034464 0.23119254891566055 0.7420689249791533 1
0.4399339404416369 0.6495044734994495 0.7292367810397293 0.6201629358093703 0
0.19546531278569423 0.5946014972281732 0.21240744759883023 0.7798989492181698 1
0.3884941077393911 0.9705746482201396 0.13346601008408276 0 0
0.5190886697197408 0.0042557277376917835 0.8150773403618243 0.8547097997273768 1
0.7400252512755461 0.5355105048432962 0.28397650418280995 0.40692889634067886 1
0.25070005718075605 0.19197038324566207 0.5528519774676166 0.9488397405705978 1
0.8136218139251712 0.641100601412 0.4367746827381638 0 0
0.8717389876756556 0.8948746363645312 0.8130027411151315 0 0
0.7464711578914762 0.4704803812616658 0.2571002880370563 0.4705624520550236 1
0.6161441977005413 0.17060755889167156 0.17668412613275875 0.7689339298593743 1
0.32022435391551785 0.9883606782003056 0.612051242799944 0 0
0.810192786677383 0.3366602799182572 0.6478588723294623 0.47984112406222246 0
0.18520872207274608 0.7536539767640709 0.18095736328773704 0.630637306679427 1
0.8006746943351224 0.8591829861690694 0.028719193545418964 0 0
0.06640899776015563 0.03558528669143324 0.15023078770882448 0.997157726935704 1
0.6768985735413089 0.48263835078504225 0.09565121853687875 0.5557594295099596 1
0.9623011787610016 0.4523319391549354 0.6342183149330998 0 0
0.9033055637008918 0.6007084172749464 0.14889776079734496 0 0
0.8081029357411369 0.41826412196847484 0.8372586668718156 0.4147586883001931 0
0.3649008045122979 0.41022132434846625 0.6193705920548624 0.8358025292591954 1
0.5342983243505612 0.2617959497780822 0.45520934178302186 0.8037338995438567 1
0.6806858120219879 0.1906844249191335 0.6070509859865467 0.7073233174477047 1
0.1609002643995292 0.9132543679026113 0.43911405715895335 0.3742693741450982 0
0.1805532472688276 0.9679186644201336 0.039449633878883894 0.17473976069523034 1
0.5218430074601212 0.9828562144611706 0.538627650748456 0 0
0.9222747913945231 0.8798336412889081 0.6267801037947434 0 0
0.3691682353006762 0.981698542263423 0.6787697005390374 0 0
0.8353768695061559 0.9419795001207865 0.8430757222044962 0 0
0.3254953984036464 0.3162119000629038 0.8788114752385641 0.8911020030707257 1
0.7521431517093535 0.9440870220304438 0.8922588585193387 0 0
0.6039301929654661 0.4544803206733299 0.14900133808864657 0.6547640492157172 1
0.9919255302499947 0.5152669346913117 0.4006190157209135 0 0
0.6211526696887597 0.37139539038695557 0.07367532453770642 0.6900976923145357 1
0.49234173403357895 0.2056246092088332 0.46326896711728516 0.845764823704866 1
0.7003064722852099 0.01941563688265302 0.040752377435195886 0.713578221304354 1
0.34048394565201257 0.38947231668393956 0.7248834555598187 0.8557931977353421 1
0.8023804983701348 0.9719154691017675 0.927045612228143 0 0
0.8709868143602384 0.4413945065267726 0.17111653646763259 0.21576111516811952 1
0.7480146509588284 0.24476008074490552 0.3404423814231423 0.6169007900989344 1
0.031718127451582756 0.0417172552468954 0.6795946738766672 0.9986258713880942 1
0.7049124309445403 0.2223846079632006 0.9703804812534631 0.6735306606539248 0
0.760123597195185 0.7020852443492056 0.15974285725659088 0 0
0.49745595914066976 0.2474883879801546 0.9265538848803649 0.831436748364192 0
0.05353699633489262 0.07044484642688054 0.46340223571965766 0.9960779656409086 1
0.03173871380622417 0.07815426490811084 0.4405807643879174 0.99643593116798 1
0.9155992816338889 0.39073604770239223 0.6572600245507219 0.09488570228132584 0
0.295437815771991 0.29938243720846636 0.06732965066052321 0.9072412321444577 1
0.9727613837652649 0.1390695840951246 0.861631219777379 0.18545873135200758 0
0.23731869385701265 0.5308770352501258 0.4287382548734302 0.8135412779878094 1
0.2259886923831007 0.9724128487490635 0.07705075936966299 0.057813168938461945 0
0.8334173225064911 0.5832593228073066 0.8816253092995485 0 0
0.4729994922541221 0.5081635802205373 0.7128361078140588 0.7197508291518588 1
0.055910485743164706 0.6009034642470092 0.421675429565636 0.79736380921127 1
0.8597877106156078 0.09879241591582377 0.5927107198088766 0.5010041429288652 0
0.9767511490616201 0.8348159285767924 0.8659143517042696 0 0
0.5573740592054459 0.8504061541281942 0.08438847500183089 0 0
0.657341678606089 0.5108316915349624 0.6363734283224711 0.5540333026911451 0
0.5435021351164231 0.8598912942106709 0.3945422399631038 0 0
0.9252453631178419 0.4709335618121584 0.3079012950071711 0 0
0.04193129152608499 0.48108199211525915 0.5549175848372343 0.8756722467072758 1
0.9616780433246772 0.3461790028286451 0.045662543150724044 0 0
0.8447219285413574 0.6930724275491982 0.5874221031391054 0 0
0.16289934490350477 0.5675441029289596 0.32417466335438117 0.8070672181798562 1
0.4508253859727074 0.218521368297794 0.6344460667285652 0.8654506819916541 1
0.5516317015883312 0.5308117428925208 0.9263673966787425 0.6433827472120828 0
0.4893852381384989 0.43298973484601344 0.07168008692572658 0.7569821518438223 1
0.4605463858409993 0.5690919028042325 0.2500161189923866 0.6811985266069294 1
0.9723034732458746 0.4553225393088274 0.11392324336261761 0 0
0.8541623092846566 0.8262419863175858 0.7542689784640264 0 0
0.8376830327400908 0.8833137193357534 0.2777362195619961 0 0
0.7755587550866307 0.5265191831038225 0.5812560732116505 0.34826163617625033 0
0.2869351805543645 0.48689515474878564 0.4476619653102121 0.824985642567427 1
0.049987916764244966 0.6929120839388161 0.3415736174955495 0.7192871833344022 1
0.5214681449965812 0.32279040066304177 0.8754859170585332 0.7898590576765057 0
0.7416112763819596 0.9912052006915213 0.6360950043120719 0 0
0.39964666862543496 0.37145705141400276 0.6721196849292139 0.8380347243470324 1
0.81610791619327 0.4715920762421555 0.13169200266833658 0.3340191353085801 1
0.23994519219299382 0.1320822244600548 0.41657620162712083 0.9617591126291193 1
0.2903403053529141 0.39914447091162564 0.6423535878751192 0.8697046616112019 1
0.7573891264678396 0.9557900035958558 0.4699300164486091 0 0
0.7132609713677167 0.9329564211790509 0.40382619905752204 0 0
0.9543285919097597 0.2684179892551719 0.3723941974676672 0.13118201747093905 0
0.06877243888370033 0.7790113775423411 0.9797965633890093 0.6232267848139807 0
0.8435668556021352 0.6529643306087638 0.35030073479192425 0 0
0.8621308975800714 0.5093173971333587 0.6032641024421219 0 0
0.8734173537970991 0.49550423668572763 0.46872331635849696 0 0
0.9713991867961254 0.9731726018613911 0.11687838203330392 0 0
0.7694131643532218 0.6433221088540826 0.8891268996612398 0 0
0.653926060844402 0.8910449869050059 0.940923753446818 0 0
0.2697789853725838 0.42964909668715245 0.860250167476146 0.8617545780367245 1
0.9232162834413489 0.40531663292778664 0.2953738923910032 0 0
0.5926880149502234 0.11172858476400593 0.029089752680337977 0.7976450590839237 1
0.7199247250960308 0.24153656135583423 0.2704003737605971 0.650667718366144 1
0.8333457369019293 0.6974164086751671 0.26566272517717593 0 0
0.050421739231461205 0.24549919534961928 0.9173933002623669 0.968084600278077 1
0.4209707073680249 0.499580620708276 0.2598851728585909 0.7571016226047851 1
0.774559376737997 0.49565595696505227 0.508785460549738 0.3929159505954216 0
0.016171930778459798 0.013709960955023526 0.8457243253841717 0.9997752275514273 1
0.36976685270878673 0.5016285213761316 0.5224132096086465 0.782074997158095 1
0.6191566434170097 0.0868654301138867 0.3180556287824272 0.7804482352877168 1
0.5861515254758236 0.24832915764824426 0.8919287046860591 0.7712062101954823 0
0.24193163281133634 0.09581181375466086 0.3430457699632681 0.9655512318827432 1
0.9105606295237383 0.9813945981759453 0.45862395940096845 0 0
0.053901249969949605 0.6812744020519166 0.4643834717578985 0.7300409881372967 1
0.08519276388125241 0.10048252178291217 0.04243960118557255 0.9912847501088775 1
0.8137217613882208 0.0195260917126463 0.003006119260842821 0.5809265244294504 1
0.714218053018258 0.9421885309922373 0.3778049799997367 0 0
0.07605583951224859 0.294341091602226 0.8081919646637643 0.9526693188459976 1
0.5791723794706494 0.10391362495484224 0.43543647665947116 0.8085550775346417 1
0.4821907110259964 0.561397106954665 0.03511392078971731 0.6725514155090125 1
0.5234693263402213 0.9132350144408554 0.6413268140761101 0 0
0.7911202823616628 0.27213905633709734 0.9309202638676537 0.5477855719640279 0
0.8920550620453902 0.6970195468006881 0.8076934806893254 0 0
0.000051180767681069383 0.6290298190656534 0.8905698981258747 0.7773811704091889 0
0.5341279765773383 0.3330123780223333 0.5920726397713467 0.777052160875516 1
0.8062271548728337 0.7591879455857931 0.6696870589438224 0 0
0.3626425878438224 0.2337988223389711 0.889283651989007 0.9021244172257205 1
0.8460267839842224 0.57688770970974 0.3539526905334065 0 0
0.3390547543959659 0.09059829608420888 0.03555934664405003 0.9363940528795178 1
0.6507588307175074 0.1640048985874789 0.9443263353642251 0.7413604639326901 0
0.7477321666170973 0.907628345392242 0.11220121028568486 0 0
0.9258407107308007 0.18432719863101243 0.6771216904435966 0.32991280999429107 0
0.7532643386086328 0.5563775936677984 0.3064398178874219 0.35076603234197173 1
0.7592855686254343 0.4679853907413454 0.18455667319907643 0.4521892295597289 1
0.2773624120866327 0.5862126929478535 0.0237819197327378 0.7611995605544649 1
0.8990534045637482 0.46090384870508605 0.6779199691414073 0 0
0.7134454857250054 0.5810800252684936 0.5300523328875439 0.39158848697654264 0
0.2812969294148564 0.6893964936644812 0.8867955765825362 0.667536150350595 0
0.9149333668414796 0.8648931627267493 0.2781897074078221 0 0
0.7939987312004742 0.7377409724756052 0.2855947395194163 0 0
0.5161544758600438 0.08072021087739123 0.5294818827902883 0.852683296778794 1
0.7866432317384007 0.7501677864731289 0.28616096593295115 0 0
0.7699119078091388 0.9680874922770943 0.560725906654663 0 0
0.4073783522623944 0.11891475924942796 0.46437063849417637 0.9054844880728918 1
0.23168553849847662 0.3688495653093957 0.2196710302330389 0.900150992568325 1
0.746102174049017 0.6704848864364494 0.34688954893072976 0 0
0.02364186453470496 0.5264187265000899 0.33718912031200343 0.849896691740441 1
0.19915859498297772 0.21083019991424568 0.8404926552567251 0.9570195822701464 1
0.5630798257653626 0.1877827109595891 0.5733523403166325 0.8047849174038466 1
0.37337936068298117 0.5353647768844503 0.16317749047691676 0.7576096677626488 1
0.6489203040999723 0.16163308300786516 0.8272900359862145 0.7434898690662652 0
0.8807302812978155 0.1057327909754715 0.3993889915027775 0.4616651909312723 1
0.6217890588450248 0.0812716063039709 0.9300895224849735 0.7789565407064701 0
0.4363024965377891 0.5104855308278515 0.05260896265269088 0.7409754748507532 1
0.8020085513292874 0.6152981375098621 0.039534602940928254 0 0
0.9494053620037677 0.8563980084227822 0.8025821897533425 0 0
0.5459621957249343 0.387420460145357 0.1335423867209804 0.7428530594269422 1
0.2719845149881521 0.32271554378441447 0.21780753449781254 0.9065754802588637 1
0.26511014948424694 0.39781476765953006 0.3673131600231003 0.878327967943885 1
0.9505149252016643 0.9641488351348391 0.1502682922577574 0 0
0.7282294100114095 0.5266041252673486 0.7150495132119921 0.43860007027569553 0
0.6004345917840992 0.8315437222252453 0.12764869766474662 0 0
0.5212849059618525 0.5335496397953252 0.33784241068177656 0.6660231442604838 1
0.10352303811989061 0.03763302112629141 0.34104673987685286 0.9939148536465967 1
0.39570297199182436 0.48235579907717296 0.5287739731741421 0.7815062642445417 1
0.6221101716182882 0.2154039908573886 0.9040318971297214 0.7527151221357082 0
0.14576738872512474 0.2332912657571813 0.7157498337223154 0.9614192913113772 1
0.7884258827428541 0.7475858576673873 0.28033335831553763 0 0
0.8143753159872251 0.3369084429528715 0.37828721329992554 0.47253099980612806 1
0.829482226545212 0.03837687503580822 0.4851121630904214 0.5572131112133701 1
0.47497558980963284 0.12684966595167801 0.4715209210243063 0.8708084469807003 1
0.16288044256857903 0.0004033237540874701 0.7460936412555623 0.986645731130791 1
0.20271784712327712 0.07280953343618579 0.4816816325074307 0.9765266234458273 1
0.4353100073856082 0.03765569954253056 0.5757632245825444 0.8994927713783498 1
0.1054062450736184 0.9145295116952421 0.2401477899369373 0.3905448703259875 1
0.6161157112911422 0.9786443882036635 0.4189089456889208 0 0
0.3937261138137842 0.4999617979020117 0.9014518465787396 0.7713740648606765 0
0.8358292929820024 0.5884759896490681 0.360786362021871 0 0
0.5608144652436464 0.4521407794054835 0.23829408327330204 0.6935818993976737 1
0.49895630340845654 0.4156545669695144 0.049138730940287756 0.760443218292039 1
0.7828968654410644 0.409656752044266 0.6586705514006042 0.46824549499925644 0
0.8812063491354438 0.721642312911515 0.3313261864355932 0 0
0.8097496116412246 0.41971992757257093 0.1471986074812639 0.4100496907026778 1
0.009794497986655326 0.3172703442278444 0.246428959313701 0.9482845545946293 1
0.06723056777152703 0.7512266579570162 0.7715229903943319 0.656611421719003 0
0.7065552858326387 0.8373074415909196 0.6022643122345588 0 0
0.2470368766153126 0.014745667243711846 0.13735596557512464 0.9688938780329291 1
0.25165860052230893 0.9943698736914375 0.9121206787223362 0 0
0.4911709520590246 0.4260628354499705 0.38175647104769106 0.7597509829554436 1
0.7713001602848228 0.7276897710695289 0.2988219666267258 0 0
0.5940016540800945 0.9701633645523364 0.20325661292485875 0 0
0.8940506381106852 0.12381620137232985 0.5333433072438867 0.4305148136494298 0
0.12919886574850015 0.5616487213055252 0.10533382667123536 0.8172260194983817 1
0.32998033601822674 0.11658428458667447 0.823777221938359 0.9367609526601285 1
0.20859831514463956 0.1915179573781849 0.78233397994503 0.9590660117637917 1
0.2728027890308451 0.2507130183166617 0.2913387660244888 0.9288280899841161 1
0.4933067491669214 0.912858994392034 0.9584092573927503 0 0
0.6691108210027212 0.16922373133679902 0.1857440105092294 0.7236394392026427 1
0.3717197325556991 0.47080760486860607 0.15352999823027846 0.8001028931497536 1
0.19320934125170974 0.9533076236707461 0.3097677883527217 0.2321092956008345 0
0.75254456681692 0.5134500812358689 0.7675400967062249 0.4123659649306838 0
0.7733562646135996 0.8787869358501705 0.16116311112947512 0 0
0.1849671770342518 0.46798103387123136 0.5657303975716823 0.8641648542707538 1
0.38087185827836456 0.00404302130926526 0.2977580218709346 0.9246189926398215 1
0.6340193494974793 0.6248537783580352 0.7341677844380505 0.45560643118209004 0
0.8014064816385555 0.14881412129015992 0.9379357879183303 0.5793116678372265 0
0.12469670757158235 0.9808228281076654 0.39468128442365313 0.14979089085684846 0
0.9097104682958259 0.2753548916508073 0.18520514231262508 0.31081593832517873 1
0.7394280603205237 0.39185990477611177 0.6188567839446968 0.5474412832802114 0
0.3982817054713166 0.7542788991902296 0.3294643202253489 0.5219530872820227 1
0.32144030534808343 0.3342535828539537 0.008790016129918365 0.8859744197475602 1
0.8760789403422085 0.7819251215497076 0.5739358394818905 0 0
0.03976532888522599 0.6249052178991199 0.8685178417508148 0.7796872368207032 0
0.943657347238458 0.7109312554187284 0.13693283361523667 0 0
0.8901796132799966 0.22505230203685467 0.9655796744025786 0.396146080945638 0
0.5814199556900783 0.7558370541015744 0.896530114914569 0.3010999547864479 0
0.6859591349380458 0.661831691992242 0.15212331281465685 0.3023886186180524 1
0.49485516739584945 0.6438913027564588 0.6647642216793181 0.583542932042036 0
0.02965616862625997 0.352114089934926 0.1331152674109659 0.9354871347761602 1
0.7361029431662554 0.41145607280237706 0.43266144408153595 0.5374535861039739 1
0.10319885858633127 0.9074211409892181 0.03101441638220992 0.4073534932614472 1
0.3447478222480751 0.3439775759526065 0.3187588837249349 0.87340046158505 1
0.4528438029106401 0.11212538508367231 0.7992104156925279 0.8845113838641465 1
0.9104167060442196 0.6312456745997963 0.9785524323194985 0 0
0.7379304972126821 0.8621235967655101 0.5774098054745986 0 0
0.9836500617583688 0.15261784054420358 0.8002830454505201 0.09560518160843243 0
0.5920476817148015 0.6484501320881981 0.13443960750540307 0.4785310530894808 1
0.3883230498929424 0.5381060583670723 0.3598717213692384 0.7480956348425624 1
0.6972216214778024 0.6864892370216449 0.8690713198199 0.20643288981483499 0
0.5455334701174448 0.3384890931673099 0.998013637206902 0.7666931373035702 0
0.20572024258050003 0.54597154619875 0.3168683026223871 0.8121540817689501 1
0.34267181953891024 0.6007966009582839 0.4461020592915421 0.7222322814516567 1
0.07917306234466492 0.256118075128968 0.5979460614583774 0.9633977152719432 1
0.5711531336981741 0.9893835758187353 0.8899511728507292 0 0
0.4442103446335235 0.2754319589830201 0.39125590829642154 0.852534108227549 1
0.7590389949272252 0.9001068411351234 0.8671159384547498 0 0
0.5989633350577803 0.3064326619480957 0.14471762559462653 0.7398256192832641 1
0.7292012997265003 0.41570792649907773 0.5949346917630816 0.543555318549106 0
0.002205259311897967 0.3310822320510576 0.23091660714683138 0.9435993283441108 1
0.6865237579807228 0.25032327180021685 0.8844695931402389 0.6826590578929285 0
0.809917669822328 0.9921305226899293 0.6274115499884028 0 0
0.7561254080072215 0.11922683813140855 0.7034821054498703 0.6434744194100491 0
0.9261865425943245 0.5029604697532417 0.5208183599344043 0 0
0.4682778743024645 0.07788883072104014 0.46583460029805823 0.8801415582096294 1
0.14262214531668804 0.310260665153238 0.23667678978351958 0.9398921445165588 1
0.6471227770280945 0.18235935936158731 0.8484178552160793 0.7402548044455224 0
0.9277005522998591 0.3512193979381375 0.5739520599331875 0.12655678478259674 0
0.19432188356079294 0.2869043284712578 0.2932119605481056 0.9380431290051872 1
0.24097003320158072 0.21604171080129375 0.09843669883115136 0.946181495429328 1
0.004221990789740726 0.4605012447616992 0.9543175078213919 0.8876490175551918 0
0.49472772798206477 0.3239856010081825 0.8884211838580833 0.8063980440855936 0
0.8465310599539879 0.992278552406211 0.8220938884176026 0 0
0.5340128762036451 0.9214670340992099 0.2750586704525575 0 0
0.9119903501242621 0.7334826088488002 0.6451413252458322 0 0
0.697970954859179 0.8193510500359438 0.6731042250047525 0 0
0.5218055287654928 0.34629553362623366 0.6187559696207272 0.7796142594516128 1
0.03876516450511325 0.3594956497751767 0.981658178792943 0.9323412142631124 0
0.820185383335436 0.6618379729373995 0.14967603453802747 0 0
0.6530095551698145 0.37450642879590146 0.9175751517656541 0.6582730859206241 0
0.4005319959379414 0.8621796836807045 0.7053255156637139 0.310193992975701 0
0.5123299916406661 0.30443781350191035 0.3795853562208349 0.8030165610842974 1
0.4669058158615442 0.1552305329231718 0.39060084216552604 0.8705759247550174 1
0.8311008811664611 0.37614197008771666 0.6070825702352085 0.4096199991002188 0
0.2851880870063028 0.7242286236705651 0.5821737804085492 0.6278221529110967 1
0.10069856228389185 0.6607350271600902 0.7543600128383043 0.7438340026092596 0
0.13257616434618935 0.36372661965880315 0.8399326171697632 0.9220230511211922 1
0.9221016694320558 0.45257572302201865 0.12522894518059724 0 0
0.42328891395692514 0.592574878234398 0.14813006195674205 0.685333137245424 1
0.9564593627761862 0.7101160305852248 0.35032204890037244 0 0
0.10252839097700539 0.3186909801083504 0.3055243685028548 0.942297186794721 1
0.4426888868920018 0.5234066998485389 0.38804561449892283 0.7280604205531171 1
0.2272032920293281 0.23292840703923656 0.1538585274180191 0.9455807851713145 1
0.9180622102001657 0.1467426264150824 0.42697097990721855 0.36827758524676796 0
0.11414931873419665 0.8324265578274508 0.10809783751288937 0.5422508265148708 1
0.00439265185009341 0.7508349520564241 0.6724426818140801 0.6604752678035348 0
0.5235051976072569 0.8075230069022634 0.40289278292997355 0.2717515435130295 0
0.6895120835686639 0.045669765563724596 0.9022269940571674 0.7228328708118871 0
0.7380996801058792 0.38120322917628213 0.9054906009121346 0.5566803034895106 0
0.6914976405205164 0.84718978911003 0.1380529397222181 0 0
0.6797775492480751 0.0391096485539566 0.6244434470319717 0.7323748486453279 1
0.9448912599977266 0.4721781811068533 0.6450164199855253 0 0
0.6896390368871461 0.0887292415617118 0.6369392579832727 0.7186968209845185 1
0.11272832082624196 0.0423900710799443 0.8259653623226133 0.9927212134116673 1
0.49860370387618547 0.6296083964977695 0.37367936981762817 0.595808369814034 1
0.9527799239210646 0.8490441777662288 0.8228722877660337 0 0
0.7910263514237428 0.669252191160574 0.5119201793561672 0 0
0.28614610098566295 0.7794066684715821 0.7890579951188437 0.5573559491319098 0
0.9354531866621443 0.32632158634410247 0.16363933467840974 0.13579969753098833 0
0.9868387319049841 0.06770941873451042 0.11133539211963206 0.14684941888478037 1
0.007259366494569708 0.4372666465297077 0.8325279761579094 0.8993026083753795 1
0.163410154329505 0.828410683764728 0.3190673092943115 0.5357544778034646 1
0.15072638840036823 0.8269611607318079 0.7552003630638704 0.5416796050073164 0
0.1082677615084282 0.035263070942034735 0.6157471161628878 0.9934961538152481 1
0.2802717158518997 0.7112938051387336 0.5238741049483506 0.6445997890665907 1
0.28406602337064824 0.44620934396297174 0.09898137191422274 0.8486481695770756 1
0.38565388427326464 0.010744121529854045 0.8861997457787942 0.9225809695617481 1
0.12249049723329031 0.7590167797129632 0.2934744175753945 0.6394447639958469 1
0.8964547926843176 0.26521925281312275 0.6983798367522189 0.35500359520794444 0
0.3669003475084409 0.35009090050195146 0.8218726991578473 0.8618703477808701 1
0.769050932985573 0.8462736811186613 0.416253400436869 0 0
0.8665495758964414 0.3189247729646101 0.4409885538232443 0.38389949427313574 0
0.7635071830978726 0.07418653298211697 0.04570748124970825 0.6415240756838709 1
0.09194074442349875 0.20519663742908367 0.6452686206305458 0.9743927542334507 1
0.986424228822397 0.8107696408297893 0.6737550973121234 0 0
0.5746276006309252 0.8542914414178782 0.33129047782711774 0 0
0.6007237586083756 0.13757257004109014 0.5958969516450734 0.7875307954713362 1
0.7895700453152079 0.5402015706267145 0.9625403679053761 0.29113812294746183 0
0.5683890753832765 0.1787800273323652 0.281030560574117 0.8031012145501852 1
0.3683836815287751 0.23458148191364758 0.05407742530072723 0.8995915692838073 1
0.3679825474204459 0.7994182740818743 0.8965842030816074 0.47488868996630845 0
0.34644183496632497 0.11723946250432382 0.6778175981282031 0.9307163710910338 1
0.7193067234422201 0.5474424962976583 0.09542569501137277 0.42767341612287035 1
0.003477046246688875 0.4132022238755506 0.7451785423733217 0.9106326549897591 1
0.2623321946284336 0.033984125580126756 0.20597069924471856 0.9643790224128601 1
0.45387162859693775 0.4568874528595146 0.07723818649626812 0.7650192155588696 1
0.31578204960518397 0.31273182109281494 0.5046474343039606 0.8958127623689678 1
0.9190618144301803 0.3915088151415589 0.8866539415544157 0.04523526193974635 0
0.1250998521997413 0.9952036438695573 0.12431129733132273 0 0
0.057950594878909856 0.22377390564257205 0.8247041527507717 0.9729167321547357 1
0.2832161860144997 0.31974436142265716 0.3619584605921571 0.9041858964382367 1
0.34866340963076037 0.5136824191193237 0.8218531929945017 0.7839414513038407 0
0.9031010320498809 0.7400717262825676 0.4739450969520971 0 0
0.3053687316899194 0.955427751744381 0.1742393390697714 0 0
0.5869023348982583 0.6083424354146807 0.31632476304770885 0.534289369690908 1
0.14932829584151053 0.1791116349789592 0.8172408428774831 0.9724299883674066 1
0.2344477942166574 0.09913275433632962 0.33820193621152606 0.9670609747087496 1
0.049157813570613884 0.8868906108033199 0.23935602151805502 0.4593566738754004 1
0.3193284336313673 0.6500311872358941 0.6752658392047957 0.6895569643584433 1
0.4700802190673483 0.33612589973118334 0.1380808060649672 0.8161151678357021 1
0.11890544656254254 0.5545713086520554 0.23174038928906437 0.8235970849861655 1
0.45592972999497183 0.9315684056303724 0.6297510667372546 0 0
0.049286888554973984 0.44074368802432673 0.40334904195465393 0.8962788651325461 1
0.528073242028612 0.926898028309638 0.9478402930394381 0 0
0.8380688830372747 0.8581856617084371 0.016812204025003386 0 0
0.21677624154038044 0.38486822382286356 0.8753625772122744 0.8971535606545074 1
0.029295975968304244 0.34199509478390766 0.4445909401553403 0.9392449632208897 1
0.4057108853542024 0.07413779419946565 0.8976072349948534 0.9109897172725644 1
0.26827400761620623 0.5540993763072468 0.0077851154445744974 0.7880373963292985 1
0.3224697243021861 0.03329845234230966 0.9856698122310867 0.9459939164603962 0
0.2988271307899233 0.19151865098601717 0.006257998847887691 0.9348919468197158 1
0.8547480096264823 0.1735954952444485 0.06018385285411898 0.4891527819305554 1
0.6282189672839378 0.9404092264356849 0.5329045971630693 0 0
0.5105712583387192 0.622113267254282 0.9286157716212924 0.5935419722855488 0
0.1979701348870746 0.22783720081694492 0.8667128857865443 0.9533614401771726 1
0.24349410811084993 0.25710327927416565 0.6777193447587684 0.935205070079163 1
0.00641788678847055 0.20247830524681465 0.70820623816732 0.9792657180936889 1
0.3542323318521754 0.6895486162788549 0.2867716481140805 0.631697839839972 1
0.2563411938193363 0.7459814200289592 0.313998781234198 0.6146551173811661 1
0.6087576266296202 0.442684547806228 0.07318154127054033 0.6583650531079754 1
0.14191538009549798 0.14704202497539498 0.26097741625255577 0.978896658377934 1
0.6652361068807906 0.8345007523091994 0.8510600697180053 0 0
0.4023563281585747 0.18738810619314417 0.7459651273432701 0.8960999290526119 1
0.013991061435443708 0.3624514161383612 0.6405059940928226 0.9318976452053123 1
0.001808134601158251 0.7039355835774432 0.13346060406558657 0.7102615186132137 1
0.4038337480457599 0.5177513053946494 0.998821511862094 0.7542227056390243 0
0.9545559334610483 0.6438749367718599 0.4152152879259128 0 0
0.5386987623464194 0.6278246047406171 0.8176848661953753 0.561818395149824 0
0.982524662604993 0.3579294326971878 0.2572818836649944 0 0
0.92197739527826 0.8688437547286494 0.1327973056186771 0 0
0.03280397799749246 0.4235654373894717 0.6661197793573963 0.9052713511851601 1
0.6160016190695028 0.5232043460246842 0.25059456768034627 0.5888966102845504 1
0.8501530736523861 0.406891444267826 0.7787216109599906 0.3341842365238719 0
0.7718875560231364 0.28632548488143983 0.23442385444260205 0.5676330835707498 1
0.8169700626861849 0.7605090248647379 0.8092572236519566 0 0
0.07561848442989594 0.02043810358603082 0.39378970611137265 0.9969273437589784 1
0.02957477327829161 0.6646434210810404 0.2946516794114553 0.7465751506708674 1
0.08422001636604626 0.5126642248455411 0.8057301760890219 0.8544485832434994 1
0.36974335515935786 0.6492967843488124 0.11419206192285003 0.6646078070183894 1
0.23973241651928134 0.31547107797839136 0.8348342485543416 0.9181537820152883 1
0.07177406979932122 0.7450983965980267 0.09522516705060746 0.663081339121749 1
0.3938385260552235 0.6587207765075667 0.6507468669215355 0.6410757786657654 0
0.7089814942241908 0.7990811774881399 0.47962693534898015 0 0
0.2833675625640437 0.570800143458424 0.5572553534314291 0.7706426024522361 1
0.8915185181616496 0.21733222859545043 0.2999410510192684 0.39744362391236226 1
0.971497370816728 0.9792313325906021 0.9505269479246312 0 0
0.40733867377846056 0.7871021724910856 0.24683492026735077 0.4631904304972397 1
0.49225860493114215 0.4243460668752812 0.1631142777407295 0.76000781666949 1
0.44685146492590877 0.5450917232193173 0.021036023312394736 0.7093650552228835 1
0.0075434933987119646 0.9706152678436317 0.8428793108830577 0.2405183933427519 0
0.438265376986229 0.53911770102538 0.31819913404901223 0.7192187176208831 1
0.6180380839321198 0.3836732068549058 0.5446783242463016 0.6861660128213775 1
0.5567229275092127 0.2818889915115439 0.9810704270352057 0.7814078182678854 0
0.9143387328570303 0.5695442692142962 0.11153363036710129 0 0
0.3427075414262719 0.46606579425281636 0.6570094283384131 0.8156802170440641 1
0.7514931477264455 0.8162996503322266 0.6883500675740184 0 0
0.7649838881342288 0.7779849707406024 0.26630822290214873 0 0
0.3780133105126695 0.9864859522915068 0.03325372326212239 0 0
0.8512320741922783 0.49510176144222307 0.9294988767109251 0.17400632656061574 0
0.47419060198159446 0.7780830588269401 0.39311025588742665 0.41198304159133253 1
0.3341365494937176 0.6408580146930016 0.9437607070345888 0.691125004102859 0
0.17121771465102276 0.16795540575360524 0.031986956286542245 0.9708117612945482 1
0.7002424252815911 0.09636061774788263 0.562877791777683 0.7073720217700172 1
0.4218915598432864 0.9183594786311138 0.017553267988890342 0 0
0.24704704823793078 0.025523988217271754 0.30598073059321274 0.9686672710391375 1
0.11831772631424564 0.22268132387807804 0.38839653966738763 0.9676848369359384 1
0.706949893152645 0.05273654989668808 0.7858709908370627 0.7052947645321479 0
0.7587090700765202 0.9071899709467168 0.9385620574303755 0 0
0.2288883520602747 0.5915426291091883 0.526574927879331 0.7731024771902629 1
0.027076352534300296 0.8804957426219844 0.05273664679858192 0.4732801689887276 1
0.5055566495747925 0.21540882595278288 0.46163174339404245 0.835470832388752 1
0.09781588150081744 0.13208383224817188 0.8581026119492725 0.986400483872983 1
0.6724628137263815 0.287571740494061 0.1738940999200742 0.681979661151573 1
0.8727136443479944 0.030440261452687745 0.9892728423994903 0.48728255196706405 0
0.838207855687543 0.596897455195873 0.5837682718079227 0 0
0.4956588132695323 0.5653420263960209 0.4256121866421323 0.6593259694708526 1
0.9462519960616018 0.05314678922429228 0.1424253019384385 0.319033820690821 1
0.003427606416425588 0.793281447004146 0.029298273518793216 0.6088454626202467 1
0.28826921912362446 0.9674206645124377 0.9575168651659742 0 0
0.5160120018178445 0.9208907631756464 0.6326013498108134 0 0
0.8864337294819853 0.5402313089004147 0.18579249987054047 0 0
0.8374758595730594 0.6795996555699091 0.6789959445131442 0 0
0.7370218894993188 0.6949409080059921 0.9940526590191663 0 0
0.3609291263269956 0.6829863128578548 0.0026186051819947487 0.6350274499717821 1
0.7882670827698781 0.45756254444849476 0.018516043061443055 0.4114262074045423 1
0.39649131192241405 0.045896566815548434 0.5483070432508603 0.9168904758609879 1
0.4766160262480166 0.3831097529691163 0.3276271161739779 0.7912421125695299 1
0.8912966227895909 0.8623012090109365 0.3440786480336482 0 0
0.8993468814120893 0.9598530996164061 0.1491150962805008 0 0
0.9943462527080345 0.20223613283558128 0.47198763197890825 0 0
0.3610037383721503 0.7437018055237798 0.6563781777643622 0.5626579114719724 0
0.1233616132229911 0.9518919593364601 0.056143744547452856 0.2805059894790415 1
0.29894002637829 0.8550603818930986 0.3080749188588363 0.4236821968713998 1
0.41566525845369173 0.08889948439762363 0.12520509482647468 0.9051625680442504 1
0.43244425235571926 0.5274892608844883 0.5262438725047491 0.7312640072204014 1
0.26270076732481273 0.24167650833496812 0.8788193643308606 0.9341203199620339 1
0.3451888948910966 0.49766910490842986 0.23141371055409699 0.795719855768037 1
0.20211798135539105 0.639420679527738 0.6777100278150554 0.7418150148150869 1
0.4649179508083676 0.7332595174294891 0.21241964550392045 0.4961670879000551 1
0.3712818755899847 0.8749181449125367 0.4043419207924066 0.3109147930883774 0
0.40499292246927343 0.1371254527425163 0.471231412926145 0.9039786186409262 1
0.7353524441705892 0.6143165047942567 0.580629403344378 0.28613286212825767 0
0.8471155316215879 0.021395233412238257 0.6644756138123726 0.5309778903802966 0
0.9200221946828702 0.25327408341427327 0.21364124100710757 0.2990173907343429 1
0.5483243597990051 0.09656897098337747 0.5439915656042031 0.8306713130319494 1
0.3865643678569317 0.9150435542335116 0.3252245065102388 0.11516632910305573 0
0.31541786797964844 0.31052819804725207 0.4206801035330332 0.8967072023669151 1
0.6693548357693864 0.4841708204160047 0.6688387480805889 0.5635092905088883 0
0.1993620380891814 0.1256048266587022 0.4237734671071973 0.9718426854635297 1
0.8260034877316809 0.7829546777943119 0.1259704003088189 0 0
0.20105276801997585 0.5991982807920817 0.19897758219276418 0.7749446462601824 1
0.20526968280294722 0.4282051899005721 0.35908518848716175 0.880059471095103 1
0.561289743714797 0.6111108631862276 0.9811893478728333 0.5581194643589857 0
0.0992007545514011 0.942761884631959 0.2599098168240157 0.3183696580731738 1
0.11783344479922664 0.7072955220461854 0.05496853170731675 0.6970282087406231 1
0.490943202691704 0.06465665684458455 0.9826033646952037 0.8687889780933538 0
0.6304430169317419 0.8443945113049076 0.7839478619535409 0 0
0.39040244382107736 0.813421133705033 0.9127625733331561 0.4311983199185144 0
0.4717591864890529 0.9221752424924696 0.20090475475819236 0 0
0.6331217039355543 0.10797090333208881 0.03173345970681596 0.7664849587822276 1
0.579647113156152 0.32109204223172094 0.7597990013254896 0.7489386654628013 0
0.7228001628738103 0.05215327025934147 0.4420352107632155 0.6890863232940045 1
0.05315320359023823 0.6767165446084049 0.485879884921836 0.7343224463417658 1
0.7795213731175503 0.3874130833874172 0.8640265176866107 0.4921966392339377 0
0.552063095024528 0.738783334894517 0.25153254688601323 0.38655597679259207 1
0.2827847873178808 0.7430029788683128 0.5484136244455651 0.6066130046861791 1
0.05059751974728388 0.8227628091058479 0.11057236617657806 0.5661282990168195 1
0.38418068312112696 0.8629893834458158 0.3819837466769309 0.32810749271602285 0
0.7934915151093485 0.9561683452364229 0.8537587148271641 0 0
0.2900213447120159 0.8102682086205419 0.844662582116041 0.5092671692837581 0
0.2828689505940265 0.7061785789647161 0.5831958830160084 0.6490739336941581 1
0.28426798003786913 0.058519019252210036 0.37584454135246315 0.956957282176665 1
0.9511340414295881 0.5688867585005679 0.472029720319461 0 0
0.808350728132722 0.6831276741651444 0.3366432692465098 0 0
0.3605569272301832 0.7268379369823237 0.9095891064712525 0.5845556565371753 0
0.4443449195344875 0.21034613912705025 0.8166965182145125 0.8708111702534789 1
0.5879991065076438 0.016298144362129285 0.883969376183964 0.8086973607206616 0
0.06473804587050869 0.6238732845611858 0.39337839293083077 0.7788395921033454 1
0.9364116264071229 0.886306933060383 0.7256400350066841 0 0
0.6899195492664267 0.7021659305405334 0.2520382852784018 0.17599437925160386 0
0.6749824503635136 0.6070080469165222 0.8483250328989507 0.41945193131019914 0
0.2360187782943155 0.1527362775658756 0.6447920152218258 0.9596701338521371 1
0.9917024948595985 0.8417643862865585 0.9315388267430604 0 0
0.41155014228327214 0.22377040937698967 0.42199061511047686 0.8834892666432757 1
0.8198901853655431 0.6701374932464856 0.21153716164266112 0 0
0.9739329151450924 0.9263449822889775 0.03573144409818085 0 0
0.8270685939267779 0.9157708149240911 0.7010975596569948 0 0
0.40389259209186323 0.45198443475285255 0.2683024341395297 0.7953495110921112 1
0.3791464468072163 0.7442937643696617 0.27116062164521426 0.5497952020469997 1
0.4923949267609651 0.5436170916440244 0.63990608201166 0.6797261902947069 1
0.397971531480386 0.5325912575024068 0.8585411609322093 0.7469706905650055 0
0.5469878925621707 0.6591646566636247 0.10181343806287568 0.5160486418894259 1
0.49367941410309646 0.631084775317591 0.2674023649394508 0.5983415767378772 1
0.3994757791279153 0.7352238427726403 0.2899344052104642 0.5475993087183154 1
0.1920857164992611 0.5066788925944126 0.2917142177609906 0.840463906016353 1
0.8275491080960877 0.5439261242272546 0.3699657160308869 0.13894907366545078 0
0.7134800394454768 0.9065479722242633 0.7854348076887403 0 0
0.11728575789976325 0.8749703712259016 0.3442874128867095 0.4697562138712867 1
0.6458010315996481 0.049468248887382105 0.9991768925446503 0.7619015159040218 0
0.4584345199285287 0.5356261544468317 0.8701418894034016 0.7091843297834479 0
0.20470868000121856 0.5636273035802863 0.21230078018254095 0.8002615940996883 1
0.815220820061566 0.1720919981573894 0.7484751094197528 0.552991282669397 0
0.37208780398865193 0.8935954270128459 0.842167780450368 0.25107345328535274 0
0.6039132068174402 0.4977940063794446 0.7048012232485599 0.6224869202193546 0
0.4576884796922176 0.03225071377267663 0.3937300227940106 0.8885275161851655 1
0.9679532473902039 0.5641996885169289 0.08951014467073493 0 0
0.9779250250069267 0.7443725852008649 0.9157221487656617 0 0
0.8552617603797743 0.016518716598766137 0.6863488494144492 0.5179328655665898 0
0.4423421305345696 0.6901432169977815 0.17478393479877696 0.5727440786128573 1
0.9846530562806752 0.4702721071069953 0.6745223914705956 0 0
0.4143057284154501 0.16204803332635076 0.7951593462729423 0.8955954434325831 1
0.04091223071067995 0.269176964144046 0.30131279808984335 0.9622213629682471 1
0.38778308523656024 0.5283708010024719 0.8016972877467494 0.755280461452844 0
0.4259565007205066 0.0012065927989723946 0.6888849584236083 0.9047428383953965 1
0.163811861918866 0.9505630177057729 0.539075527270725 0.2638098240490086 0
0.33593216500472445 0.5944771538563063 0.6791536130694744 0.7305795603889724 1
0.6285641736198984 0.4981337406346473 0.6623773827348405 0.5973021480648368 0
0.5940965038054138 0.6789623215129528 0.37328616791587055 0.4313461604464861 1
0.9711850524829932 0.9290653076240472 0.5316762418560306 0 0
0.8335338501384029 0.9105532893584931 0.9610866512571685 0 0
0.26245447850541903 0.5146947190327449 0.8919530420049162 0.8162150408515224 0
0.03826191656259925 0.19241567055325426 0.8703577117273307 0.9805673028744627 1
0.2432109810221601 0.7302524858339263 0.04212147170817149 0.6384197096296524 1
0.0659219327360816 0.5790816029576356 0.5691553396051738 0.8126000220898071 1
0.8954492781733494 0.00908035643400229 0.6548127486981272 0.44507093518433555 0
0.7725637100088996 0.1251558040146099 0.8960909202540415 0.6224799906010967 0
0.20851472744804878 0.9929739458053874 0.507031237009733 0 0
0.664478752902846 0.3535809097993279 0.29330320664564447 0.6583680787873589 1
0.907503726640722 0.004855710297125393 0.4121178015561955 0.4200159618522992 1
0.8208572285261435 0.8629326106922492 0.8176110704824266 0 0
0.6873085230773415 0.6984989397683075 0.4797862147186869 0.19926420965089037 0
0.3497891921807428 0.8179076648093611 0.10296412178971037 0.4568091208367465 1
0.6874391267615212 0.9839860936602454 0.3331652632072808 0 0
0.8710473185980083 0.5636172323082353 0.6182810037628848 0 0
0.3073326076447176 0.8368518484027034 0.46784305070670285 0.4530183794320897 0
0.6897246615322377 0.737027345365421 0.875125432513653 0 0
0.1470988973056453 0.16518829693139048 0.3520069697936228 0.9752306091219501 1
0.8186011476207293 0.43401800557601544 0.9709784455212846 0.3761921476451132 0
0.6219664657940864 0.47889696461704645 0.5397051946175981 0.6195283792597341 1
0.5862632509045769 0.987741594678557 0.6965307790000617 0 0
0.3800337847819917 0.9596791567803746 0.8471735976073376 0 0
0.2368898506738648 0.31724067000748013 0.3160258200629624 0.9182818499463654 1
0.6005609320007779 0.6993626827344916 0.7881625222249324 0.38758019164138385 0
0.1293063073994305 0.7969709119550885 0.524777749651582 0.5900146136869819 1
0.19836014626386667 0.5018713252284837 0.9712336494570122 0.8418897940274506 0
0.16277449671801092 0.9686152682194613 0.49929251780967965 0.1878534678688135 0
0.7146085309423822 0.985075924854443 0.9299307271435013 0 0
0.7051744864653258 0.6521275761131726 0.3552041519061735 0.2783137943241807 0
0.6582355473680994 0.13527104961859648 0.738855866469379 0.7405590505260885 1
0.2719157514092627 0.39260931745816907 0.28490890167015404 0.8785896357120124 1
0.922599781240669 0.6425138728239324 0.5023537610563404 0 0
0.5616113278138335 0.7119339961257727 0.7409632748438524 0.4215954241112814 0
0.5819762267745332 0.3862735401420794 0.0715536202797582 0.7156091277054691 1
0.9629039518052676 0.5193716774159622 0.8352896907608349 0 0
0.029548852696883898 0.5334289950695237 0.06340592315333349 0.8453285589186111 1
0.4629998117408034 0.936048452652706 0.12890905058726543 0 0
0.021003717305027925 0.05122206865348611 0.6034004030837663 0.9984663958001931 1
0.814600557466266 0.2863770788166524 0.008756340322317646 0.5043947863569661 1
0.868436913522943 0.09182110855639247 0.8162153626603805 0.48722295846380176 0
0.3337015662385625 0.5260800127429759 0.8519723924193132 0.7822295602201956 0
0.17894370565643158 0.8803869996901879 0.66174230752743 0.43920141277374497 0
0.555802851963259 0.03202162941535813 0.44547342893499753 0.8306971800837494 1
0.22300352843563487 0.9624892328276178 0.669693315583548 0.15454417813738838 0
0.03901748217824608 0.943153450541798 0.6840000577844978 0.3300593958904526 0
0.6765453762801843 0.9556116943747581 0.6296164231695771 0 0
0.7861738341063684 0.8382897569925978 0.6498856689274197 0 0
0.46060164767277345 0.16667051091783747 0.013072170179937226 0.8718182511002585 1
0.956269729245343 0.4921682557987652 0.2408477418324637 0 0
0.1435717490424424 0.1255708665952191 0.8929224402856053 0.9816410292665133 1
0.9162653819520707 0.9535441318509539 0.06120062851857244 0 0
0.7674239235149523 0.7151674024997381 0.847907189167169 0 0
0.33375999047343097 0.39210987542358566 0.39587004293811057 0.8572363235155609 1
0.093377216189104 0.48353814083133684 0.7515517037863111 0.8703284218374967 1
0.06599208443447457 0.661225754579343 0.16464359651827598 0.7472787607532893 1
0.10835476360659047 0.9466946114991392 0.33852428375434496 0.303362090186387 0
0.2097369811679901 0.3518863184041212 0.19239580653557709 0.9122425212905456 1
0.4965776608428518 0.8576441324971593 0.9666000177070979 0.13363071781980643 0
0.8429962680653047 0.36413007654745266 0.8389157872435415 0.39593759531208345 0
0.2606633957205584 0.7448101262185483 0.010327757595520515 0.6142576576761073 1
0.21894026296923697 0.35792670934714166 0.7973219915468592 0.9077189168387361 1
0.12504110337955598 0.4205806443671727 0.9485453784822466 0.898597042088008 0
0.8951376239165008 0.23373650669115165 0.8685418925405268 0.3795996307808247 0
0.27186163071603686 0.8840261103048093 0.9670176099535359 0.38024872129142845 0
0.18253272353500405 0.857927175570212 0.2251966576208182 0.48025281493918626 1
0.5696745929528464 0.05594745567366499 0.9727404745803319 0.8199638652694715 0
0.09931729002910838 0.19061481085455267 0.8689904620141959 0.9766279075390776 1
0.17097109672360622 0.6685704145493994 0.5292165103820932 0.7237281843858034 1
0.6923835090825168 0.6558373551136953 0.4434099750987126 0.3008029919865377 0
0.7227027344858601 0.17017568753472267 0.48790526758346076 0.6698813275041668 1
0.09716560096054794 0.4523453531426147 0.5604778336605793 0.8865339967989151 1
0.9231950150519173 0.47489537421936023 0.4249802975508834 0 0
