-0.09878163613046054
0.0021262459599179287
0.020702800376531716
0.11732621931326428
0.08012102504099933
0.2839310740948948
0.2294451245527445
0.2547615444091966
0.31506248881215854
0.3300383064380597
0.45795104944362053
0.4846797459595925
0.45769221877893573
0.5512121378847674
0.5132041711077019
0.5117071145830456
0.6133577531368422
0.623177847665366
0.7909377541939103
0.6865376949865929
0.7283870365030378
0.7453983557942971
0.7549228059316591
0.7449268364039234
0.9101130462774875
0.9748786109381196
0.8606080362730539
0.9762161053147832
0.983047056541269
1.0275154163859201
0.9093690267237856
0.9465914489947682
1.072865293171627
1.0315229789116245
1.0705148913048612
0.9063356476654526
1.0853525392233272
0.9862970471456923
0.9091168884349242
1.0936679213166807
0.9043898972716405
1.0412300727657133
0.9684095423862348
0.871450920986074
0.883412721077427
0.8723329133717205
0.9122427695939872
0.890173971837221
0.9462031710850265
0.8984907130830903
0.8799510386326356
0.9099458096753049
0.8629350391624347
0.7308441836795104
0.7927531700242768
0.7886502788890324
0.6334249066234959
0.56981671342334
0.658779962757254
0.4938710106563748
0.5572027267771931
0.53288620400581
0.4586495607882536
0.3988994117003345
0.36616742998272883
0.4190436344325102
0.27030260563632824
0.3352224247489229
0.254376577472162
0.17491301990121524
0.15873883852092213
0.11003168896218517
-0.00899397359025901
-0.04820971458187678
-0.08377373817608821
-0.037388997658820214
-0.21423014972505547
-0.22580822497257821
-0.2185492655271148
-0.18545468288980632
-0.3473689616070336
-0.23145163300153335
-0.4541626770977788
-0.48107487014117445
-0.5373072116329097
-0.41450170688161037
-0.5876493500106327
-0.6077770359538383
-0.5936321554775462
-0.7074353560078217
-0.6927411341043047
-0.6711616847312386
-0.7462082827574467
-0.7335782824985171
-0.7033949319074086
-0.776435231592135
-0.7333044188857785
-0.9403434423389995
-0.9366417357169907
-0.9116665786049749
-0.912278043794728
-0.9394162315495781
-0.8813029846249589
-1.0321530244901072
-0.8854457087243793
-1.0672244657865582
-0.9179787501916312
-0.9214339083244726
-1.0902350988810472
-0.9686806547418115
-1.0668718259356975
-0.9123434436412439
-0.9573810972658139
-0.9783957694557236
-1.0547434192047227
-0.9331775055775602
-1.0209567607146943
-1.0187622620728751
-0.9320847753322775
-0.863942583989811
-0.8154890314999973
-0.9589145597875176
-0.8402530077656535
-0.7944212702562277
-0.8391564544560577
-0.8020027827876328
-0.8406062410062967
-0.8231769902254661
-0.777531009694943
-0.7017609392463882
-0.5912395696069399
-0.5380121065416229
-0.6282434091421603
-0.6133254219762355
-0.5683614522007081
-0.41512566338812773
-0.39646877977491446
-0.45620359654568277
-0.3454132829362591
-0.3452745570892538
-0.2637014221577231
-0.23059684053384658
-0.20202407992646984
-0.07020869023528527
-0.07110277562344337
0.03769907317669735
-0.01855029433258928
0.1060857131704643
0.1136793533228577
0.08438148176210027
0.06314852854520905
0.20011199199402754
0.222849006430448
0.366417881600047
0.2513932741599047
0.2866960198273527
0.4002213831021516
0.5271969405388974
0.40587456382061987
0.4215401886071809
0.5682937998658008
0.4967359567315922
0.5356234068080293
0.6890779547102186
0.731749376164838
0.630806129944695
0.7080204878774865
0.694922823732224
0.8171954823949191
0.8039342229237127
0.9330930901592529
1.409943706310367
1.0659714616412845
0.8224001424066295
0.6929361906465012
0.4144689112195313
0.37198752997415657
0.5249673164030481
0.5735393660037901
0.9567947914460846
1.222207847301976
1.4428505279854873
1.5646646479476995
1.6450453947226527
1.3778585219905122
1.2691838148875554
0.8865332785305479
0.621587260728716
0.4901464311706068
0.33669395536109653
0.46501029517447107
0.6028388716143803
0.9314600061321736
1.2077883371523963
1.3925628802557766
1.4665445172340255
1.4160187055044076
1.2734650979970334
0.8361204244721604
0.5916679998095968
0.3268163769085422
0.17258862342169864
0.16149404363728342
0.2255282121151529
0.29636539013457286
0.7020193212939982
0.9728316976739501
1.097492486932847
1.16243223263074
0.9096910276437908
0.727022962341292
0.3645211170759913
0.049986815853208834
-0.258975229598645
-0.35978090238422644
-0.4814949544422723
-0.22939224866744412
-0.13779260674089167
0.08998409368146836
0.3092742715230765
0.5607901471551411
0.6238245186815632
0.4512744701073326
0.12339487200257324
-0.1300863060918389
-0.48491661376477174
-0.73388966744733
-0.9119758292777055
-0.9225704818225967
-0.7520104557255338
-0.5905990069705562
-0.2655847622276737
-0.04143938762378869
-0.030806098890022372
0.08525197463386006
-0.07784700284108842
-0.39332494028669446
-0.7896713925949903
-1.0507344076445815
-1.2652890033223918
-1.340163260608867
-1.2752688010498388
-1.250638932799343
-0.8777198124734562
-0.6123435598510695
-0.5095114631673676
-0.3155214579891602
-0.2815357428595054
-0.4964240738114418
-0.8027541817960444
-1.0147017946651353
-1.2604402916486133
-1.6229144395213382
-1.519952713552883
-1.5392919129984262
-1.300033433432415
-1.0242977151866501
-0.7203294599007135
-0.4641110567433545
-0.30739126815454537
-0.39790223104991296
-0.5191099727951829
-0.7995501374241789
-1.0521338151351445
-1.4584023706722715
-1.5407643666016166
-1.4947103237974988
-1.273204306267847
-1.1582496767765775
-0.7109651479687635
-0.4657933729752771
-0.1978313887114555
-0.09956274515988796
-0.14778743854450313
-0.46016519953117174
-0.6891694484946127
-0.9704059224852375
-1.1586580848512678
-1.2583896115611333
-1.144780225891172
-0.8461297450571654
-0.6599526836273615
-0.3137112301652795
0.023471947639899265
0.11796668546511947
0.2144862541982116
0.17183268116753864
0.02547659914447918
-0.26432157466549216
-0.48266038165175407
-0.5553692263164917
-0.6961194550872793
-0.6528399209233857
-0.3018547970185048
0.011201800255178126
0.2826484981173498
0.6454254878187022
0.7192446482486171
0.8531810617533983
0.6397452608057117
0.5315113447325335
0.3252733816111659
-0.025535126781935383
-0.08373256080135338
-0.21717002143121478
-0.00507743668832239
0.20328189619011183
0.5003717705880751
0.8070453536968966
1.0770994584140354
1.3100653369097663
1.3805997839510418
1.247273036715683
0.894893078739996
0.7035607078044189
0.4359159007032493
0.2326436680819283
0.27052019006311895
0.3601823774178936
0.5751168477926113
0.9138029059534084
1.3010191384288097
1.4022793410403898
1.6257441939550121
1.5594541471675105
1.3332669195343216
1.0601239528998534
0.7936093728565353
0.47597992636801423
0.481719436088589
0.3775154767364604
0.5426075569569353
0.6808928499093662
1.1447120705177223
1.3382392439167405
1.460267051546159
1.5983672466563625
1.509961597437835
1.2333069202155942
0.9238825543530872
0.619108524922962
0.3448301854530216
0.8575085206113076
0.7918588208618341
0.7275880389742343
0.8359203064879002
0.6960498852786446
0.7047438664911243
0.731179620031598
0.6711645553868167
0.6302712651414143
0.6248621205422691
0.4892917970739466
0.43147500981429177
0.4589324029066713
0.3564259622456639
0.35271815187495886
0.4077482732348988
0.31721867931751574
0.23107365945288985
0.1844870554943372
0.1629101588901089
0.25521230874805956
0.024640511197327755
0.05584358364484242
0.010457391589595941
-0.08971935419941723
-0.027863623463410335
-0.09555858560420999
-0.07635802370245891
-0.14130817575296312
-0.1511640389020757
-0.2746703496418862
-0.302756918500733
-0.4144688476925967
-0.3149231616057227
-0.3945044744799778
-0.552599592523478
-0.43188974859533447
-0.5915117880107644
-0.6377169020043839
-0.6290679894199603
-0.7249923248347729
-0.5903157142808219
-0.7564503061840755
-0.7613963024308524
-0.7870317422665248
-0.736503668500298
-0.8466670257487374
-0.8809931404965903
-0.8811066515439374
-0.7876307107996643
-0.9977601266984549
-1.0181597359736816
-0.860008788285192
-0.9792970847258108
-0.9557202074517448
-0.9692056624460919
-0.9501508463660733
-1.0883775100709336
-0.9818465427698492
-0.9893240600712216
-1.0939661211960805
-1.0993766419098454
-1.0691942641356296
-1.0779943100722587
-1.0023395909012582
-1.059792228507131
-0.9488369882679658
-0.9170540122617752
-0.9484795097700794
-0.955686250366628
-0.9018433238503328
-0.9303481357996164
-0.9522049457764517
-0.8946821826840442
-0.8033318715504809
-0.7070493383272831
-0.6891509418264898
-0.7548067271967417
-0.6428948211544419
-0.7702812624219969
-0.5770726532868218
-0.7188307244157655
-0.5615949048749783
-0.4674664584474528
-0.5651579857266332
-0.43149193172086897
-0.4255860015703306
-0.4892415907843689
-0.4300956695670326
-0.31870071518902127
-0.3429903472388008
-0.29543070323433296
-0.28187012240479153
-0.19605217726923613
-0.1041765574679822
-0.05415700117981584
-0.0375464280508098
-0.025749101794362364
-0.020736753223713295
0.12114570648098422
0.07464270263169492
0.272680029131045
0.17115892494206325
0.29679509740154886
0.2416204796612802
0.3871029470522515
0.47160539404887225
0.3293212993482443
0.4294466180069219
0.46730074077958655
0.45543061549999525
0.6329380180197054
0.6511006014408908
0.6079274600810954
0.629578969911461
0.774557938897624
0.8326514194451202
0.8478436815854864
0.886467073551629
0.7662425811224204
0.8945513462175864
0.9398814650145123
0.971033756005655
0.8096379457066383
0.9174129480017346
0.942931869730789
0.8912503847101034
0.9916985264644513
1.0547865257231575
0.9442017452346226
0.9711759966891523
0.9931259126176756
0.9648483386328367
1.0764727081249323
0.9269349544894214
0.9230314369309581
0.9481727852082215
0.9637940260583225
0.9150926793319026
0.9469365718671212
1.030014315728343
0.9472486607870887
0.8456062381164462
0.8536539100469798
0.9617729040141905
0.8308835856593555
0.9533786898371364
0.7893216609182596
0.8509707631398127
0.8392353698911525
0.8093653811179573
0.6758704478478748
0.6155432128650649
0.6033209443717821
0.5831985257250512
0.5169269431492499
0.6080598714967995
0.5000121893339672
0.5640118271125473
0.39596708804219555
0.46532677239279846
0.3445010219971541
0.3777215835051923
0.20468512674557968
0.1823251761908387
0.28762791748791205
0.24337669748567548
0.046795726665568124
0.06160058507070845
0.005923785314563508
-0.08955508685619423
