1.529821e-01 
1.728897e-01 
1.934237e-01 
2.159228e-01 
2.391573e-01 
2.628204e-01 
2.870079e-01 
3.090985e-01 
3.288669e-01 
3.510103e-01 
3.760483e-01 
4.031081e-01 
4.327264e-01 
4.643572e-01 
4.975784e-01 
5.339711e-01 
5.733053e-01 
6.121278e-01 
6.498856e-01 
6.861175e-01 
7.201425e-01 
7.534425e-01 
7.859365e-01 
8.170435e-01 
8.467285e-01 
8.740937e-01 
8.987187e-01 
9.213886e-01 
9.418966e-01 
9.587075e-01 
9.718323e-01 
9.802273e-01 
9.837611e-01 
9.856799e-01 
9.864913e-01 
9.858331e-01 
9.842102e-01 
9.811708e-01 
9.766428e-01 
9.715101e-01 
9.657880e-01 
9.583513e-01 
9.491354e-01 
9.380600e-01 
9.249893e-01 
9.105833e-01 
8.949110e-01 
8.778812e-01 
8.595670e-01 
8.397240e-01 
8.183245e-01 
7.954339e-01 
7.710409e-01 
7.452466e-01 
7.180850e-01 
6.895590e-01 
6.597089e-01 
6.285069e-01 
5.959532e-01 
5.622705e-01 
5.274992e-01 
4.913537e-01 
4.539055e-01 
4.150186e-01 
3.747331e-01 
3.338387e-01 
2.925391e-01 
2.507041e-01 
2.085134e-01 
1.661837e-01 
1.237603e-01 
8.161999e-02 
3.985343e-02 
-2.200815e-03 
-4.459393e-02 
-8.704314e-02 
-1.295796e-01 
-1.722711e-01 
-2.149964e-01 
-2.580462e-01 
-3.013476e-01 
-3.439377e-01 
-3.856151e-01 
-4.263276e-01 
-4.658634e-01 
-5.044040e-01 
-5.419019e-01 
-5.780989e-01 
-6.129424e-01 
-6.464816e-01 
-6.786411e-01 
-7.094756e-01 
-7.389485e-01 
-7.667552e-01 
-7.928509e-01 
-8.171183e-01 
-8.395020e-01 
-8.603431e-01 
-8.796785e-01 
-8.974068e-01 
-9.135610e-01 
-9.281290e-01 
-9.410816e-01 
-9.525266e-01 
-9.624552e-01 
-9.706223e-01 
-9.769893e-01 
-9.815745e-01 
-9.843410e-01 
-9.853284e-01 
-9.845496e-01 
-9.819355e-01 
-9.774965e-01 
-9.713538e-01 
-9.635280e-01 
-9.540559e-01 
-9.429699e-01 
-9.302055e-01 
-9.157810e-01 
-8.997129e-01 
-8.820197e-01 
-8.628094e-01 
-8.421220e-01 
-8.199834e-01 
-7.964374e-01 
-7.714790e-01 
-7.451328e-01 
-7.174888e-01 
-6.885746e-01 
-6.583853e-01 
-6.269998e-01 
-5.941813e-01 
-5.599624e-01 
-5.249712e-01 
-4.892391e-01 
-4.530721e-01 
-4.165691e-01 
-3.786765e-01 
-3.392129e-01 
-2.987834e-01 
-2.572978e-01 
-2.141783e-01 
-1.695921e-01 
-1.228306e-01 
-7.395506e-02 
-2.526097e-02 
2.284040e-02 
7.027420e-02 
1.165980e-01 
1.624322e-01 
2.077276e-01 
2.519797e-01 
2.951343e-01 
3.371337e-01 
3.777989e-01 
4.174637e-01 
4.560608e-01 
4.927133e-01 
5.273902e-01 
5.596355e-01 
5.893574e-01 
6.180469e-01 
6.459126e-01 
6.728240e-01 
6.989952e-01 
7.240566e-01 
7.479571e-01 
7.710167e-01 
7.932074e-01 
8.142741e-01 
8.342311e-01 
8.528322e-01 
8.700272e-01 
8.863497e-01 
9.017763e-01 
9.164709e-01 
9.304488e-01 
9.428272e-01 
9.534317e-01 
9.623962e-01 
9.695678e-01 
9.749330e-01 
9.784982e-01 
9.799696e-01 
9.793259e-01 
9.770538e-01 
9.732006e-01 
9.677511e-01 
9.607738e-01 
9.520902e-01 
9.416765e-01 
9.296706e-01 
9.160609e-01 
9.007592e-01 
8.838049e-01 
8.649856e-01 
8.443005e-01 
8.222569e-01 
7.988700e-01 
7.743467e-01 
7.487566e-01 
7.212906e-01 
6.918017e-01 
6.607545e-01 
6.280770e-01 
5.933080e-01 
5.565708e-01 
5.173353e-01 
4.756456e-01 
4.332562e-01 
3.904985e-01 
3.473483e-01 
3.041485e-01 
2.606106e-01 
2.167772e-01 
1.731223e-01 
1.297154e-01 
8.627764e-02 
4.288583e-02 
-5.057815e-04 
-4.387142e-02 
-8.676883e-02 
-1.291218e-01 
-1.707994e-01 
-2.117148e-01 
-2.522243e-01 
-2.923204e-01 
-3.320221e-01 
-3.713399e-01 
-4.098955e-01 
-4.476357e-01 
-4.844832e-01 
-5.203652e-01 
-5.556476e-01 
-5.903924e-01 
-6.242428e-01 
-6.572056e-01 
-6.896738e-01 
-7.215493e-01 
-7.531903e-01 
-7.845600e-01 
-8.143576e-01 
-8.423461e-01 
-8.684744e-01 
-8.924928e-01 
-9.147743e-01 
-9.352943e-01 
-9.537847e-01 
-9.702253e-01 
-9.845405e-01 
-9.966250e-01 
-1.006741e+00 
-1.014862e+00 
-1.020408e+00 
-1.023389e+00 
-1.023514e+00 
-1.020749e+00 
-1.016190e+00 
-1.010042e+00 
-1.002124e+00 
-9.926251e-01 
-9.815751e-01 
-9.689706e-01 
-9.551990e-01 
-9.403045e-01 
-9.236486e-01 
-9.051767e-01 
-8.850278e-01 
-8.631471e-01 
-8.396310e-01 
-8.145598e-01 
-7.877443e-01 
-7.592406e-01 
-7.295499e-01 
-6.987843e-01 
-6.669881e-01 
-6.342851e-01 
-6.006061e-01 
-5.659940e-01 
-5.306078e-01 
-4.944981e-01 
-4.576333e-01 
-4.200662e-01 
-3.818490e-01 
-3.430276e-01 
-3.036953e-01 
-2.639133e-01 
-2.237302e-01 
-1.832055e-01 
-1.424064e-01 
-1.014056e-01 
-6.017465e-02 
-1.877165e-02 
2.256676e-02 
6.378817e-02 
1.047507e-01 
1.453815e-01 
1.859800e-01 
2.265697e-01 
2.668868e-01 
3.069213e-01 
3.468872e-01 
3.866947e-01 
4.265482e-01 
4.664002e-01 
5.053738e-01 
5.432628e-01 
5.801693e-01 
6.159055e-01 
6.503536e-01 
6.834802e-01 
7.149233e-01 
7.446134e-01 
7.731338e-01 
8.005272e-01 
8.266068e-01 
8.514134e-01 
8.749221e-01 
8.970446e-01 
9.180236e-01 
9.378082e-01 
9.557432e-01 
9.717231e-01 
9.855974e-01 
9.972342e-01 
1.007035e+00 
1.014982e+00 
1.021031e+00 
1.025192e+00 
1.027043e+00 
1.026454e+00 
1.023755e+00 
1.018889e+00 
1.011356e+00 
1.001207e+00 
9.880632e-01 
9.719199e-01 
9.540855e-01 
9.348144e-01 
9.139210e-01 
8.916453e-01 
8.680416e-01 
8.431203e-01 
8.173630e-01 
7.908362e-01 
7.627689e-01 
7.331017e-01 
7.020361e-01 
6.695151e-01 
6.356276e-01 
6.004852e-01 
5.638301e-01 
5.257387e-01 
4.869333e-01 
4.475649e-01 
4.077423e-01 
3.676385e-01 
3.270352e-01 
2.859884e-01 
2.446620e-01 
2.031077e-01 
1.614917e-01 
1.199235e-01 
7.834427e-02 
3.683233e-02 
-4.355794e-03 
-4.517516e-02 
-8.541252e-02 
-1.250048e-01 
-1.643635e-01 
-2.034847e-01 
-2.424384e-01 
-2.812500e-01 
-3.194578e-01 
-3.570129e-01 
-3.938291e-01 
-4.298305e-01 
-4.654906e-01 
-5.008968e-01 
-5.356483e-01 
-5.697682e-01 
-6.037005e-01 
-6.373414e-01 
-6.711047e-01 
-7.049557e-01 
-7.374287e-01 
-7.682546e-01 
-7.974196e-01 
-8.246450e-01 
-8.502702e-01 
-8.742706e-01 
-8.963059e-01 
-9.163449e-01 
-9.344638e-01 
-9.505784e-01 
-9.648828e-01 
-9.773627e-01 
-9.874912e-01 
-9.952568e-01 
-1.000444e+00 
-1.003010e+00 
-1.003799e+00 
-1.002955e+00 
-1.000359e+00 
-9.961476e-01 
-9.902754e-01 
-9.827354e-01 
-9.737864e-01 
-9.634524e-01 
-9.513745e-01 
-9.375351e-01 
-9.219768e-01 
-9.046738e-01 
-8.857620e-01 
-8.652871e-01 
-8.432054e-01 
-8.195573e-01 
-7.944611e-01 
-7.679763e-01 
-7.400552e-01 
-7.107497e-01 
-6.802627e-01 
-6.486296e-01 
-6.160019e-01 
-5.824414e-01 
-5.476070e-01 
-5.114621e-01 
-4.742842e-01 
-4.360761e-01 
-3.965965e-01 
-3.559390e-01 
-3.138765e-01 
-2.704595e-01 
-2.266541e-01 
-1.826916e-01 
-1.384491e-01 
-9.413842e-02 
-4.992529e-02 
-5.854883e-03 
3.765510e-02 
8.051339e-02 
1.233993e-01 
1.663602e-01 
2.091211e-01 
2.517144e-01 
2.941816e-01 
3.364003e-01 
3.786580e-01 
4.208810e-01 
4.621320e-01 
5.022140e-01 
5.410859e-01 
5.785434e-01 
6.147440e-01 
6.496437e-01 
6.829937e-01 
7.147445e-01 
7.449812e-01 
7.736530e-01 
8.007460e-01 
8.262348e-01 
8.499748e-01 
8.719309e-01 
8.920404e-01 
9.102748e-01 
9.267250e-01 
9.413527e-01 
9.543831e-01 
9.658268e-01 
9.751469e-01 
9.823603e-01 
9.872158e-01 
9.896805e-01 
9.908005e-01 
9.907814e-01 
9.893036e-01 
9.865321e-01 
9.826964e-01 
9.777119e-01 
9.723043e-01 
9.664596e-01 
9.586642e-01 
9.488947e-01 
9.360498e-01 
9.198935e-01 
9.032539e-01 
8.861261e-01 
8.693367e-01 
8.531452e-01 
8.331345e-01 
8.083472e-01 
7.813156e-01 
7.515138e-01 
7.159577e-01 
6.751807e-01 
6.259091e-01 
5.682053e-01 
5.121256e-01 
4.593200e-01 
4.099038e-01 
3.656567e-01 
3.236378e-01 
2.838666e-01 
2.484280e-01 
2.173653e-01 
1.906878e-01 
1.690168e-01 
1.504916e-01 
1.351984e-01 
1.272446e-01 
1.265749e-01 
1.350694e-01 
