-0.03873352354573956
0.10327485170790056
0.040099314811818096
0.10932927381581907
0.2203012600757322
0.22392405486254727
0.30063384981655106
0.3607092584764017
0.4367433329684519
0.3614579607740949
0.39352635347678605
0.371066797221951
0.46272483017020005
0.5261911934969591
0.49018965286162
0.6027157704338937
0.5949136489365444
0.6068486633622125
0.7306502801057164
0.7143105595527888
0.6954307559141658
0.7292462599485316
0.7900372258597185
0.8751337775579857
0.9143064746690117
0.7869963975732877
0.859258648210495
0.9259907524245704
0.8932089405462608
0.9719692571195898
0.9175196322884829
1.0010230267056788
0.8976591106006098
1.0206326584157415
1.0806741547612324
1.051103195042097
0.9088544759388394
1.0179972091706315
0.9482681989186518
1.0173015506752534
0.9307163815692263
0.9202432835163035
0.8817583773308261
0.9564787918233237
0.8532078571519334
0.9691293221838421
0.8697322522620519
0.8736418764219462
0.8751126740915882
0.8092035037285101
0.8670889603315312
0.8557049894196207
0.7621963038866607
0.8370992590844213
0.7062479300320726
0.7783785610291757
0.6625389609361833
0.6181471583124146
0.5025982645569359
0.4903993419924772
0.5059444369799575
0.48679430122329576
0.3572227697132161
0.47065618425000155
0.29426438449271514
0.35369741215765504
0.36734434213118505
0.35406932362322846
0.12961840981705033
0.21734780731110925
0.17991402105214127
0.08269458964252002
0.13243591235366722
-0.08387220291110455
-0.05477592188019081
-0.1603209645425629
-0.0299952624857093
-0.19570698226994576
-0.25702129888158154
-0.26932976843877626
-0.37155577406787266
-0.4100178983065898
-0.37537071476177125
-0.36775875888308274
-0.5034531491139775
-0.4475125345323332
-0.49862446473313404
-0.6264753428070656
-0.6816320109193792
-0.5547642032479669
-0.6269508553534898
-0.625226869846976
-0.802101782708562
-0.8037600731078374
-0.7655520517388684
-0.8161602587904797
-0.9294279845864578
-0.8424663759412875
-0.7907028664237127
-0.9158555113808108
-0.940687334681099
-0.908786215683413
-1.0270765246524498
-0.9374035006617627
-1.055938257706694
-0.974652446016662
-1.0076516349715425
-0.9244336992572386
-0.9365513659057862
-0.917220516498731
-0.9224195840476002
-1.0939008647690065
-0.9599462882144908
-0.9471108499997817
-0.967681056421144
-0.8983381757386453
-0.9173536130251375
-0.8596488528261994
-0.9644963317413469
-0.9518371225346277
-0.9476916166201439
-0.9243158572056388
-0.8940077643800862
-0.8703810257489927
-0.7424584865547502
-0.7082824995886532
-0.6739717395136465
-0.7946562706446317
-0.6918193604265364
-0.6309834381695771
-0.5481599262410775
-0.6415054442043213
-0.4803648048103106
-0.5270801566935333
-0.47375825658721726
-0.43239820572280063
-0.44746972726871537
-0.4506279382532215
-0.30231293988118363
-0.25014223525304197
-0.34023412523671953
-0.20564334794435796
-0.1465962302432432
-0.11509202561272125
-0.15884570468070586
-0.05386210764750227
0.097667658508317
0.07337013230760302
0.138790105556679
0.1405986766210987
0.16314633709727588
0.28395945400488787
0.3182591988659057
0.3338170176806323
0.39069209007833794
0.42030137116960514
0.41753950645552446
0.42514958290151017
0.5645634892056277
0.463084140001951
0.6326724566362771
0.5021118465780396
0.6737229064408413
0.7053569445441858
0.6134056379114967
0.763291345060526
0.7303319719998098
0.8632847579632277
0.7756716642602495
0.7728664879727569
1.357336877366626
1.2937008467930184
1.0985956829449266
0.7030835947460535
0.6184143823159125
0.3903149251779056
0.33617619626519435
0.40571203346270335
0.7781390092526856
0.9474987108257751
1.3230177399857757
1.6011279723602632
1.5891611681387163
1.445236651699469
1.3442639365920248
1.1280672778351553
0.6754141906723709
0.5518712124866019
0.4377847425015504
0.28987407477452243
0.5979326240910694
0.8386996850333527
1.0183557620894992
1.1868695671453282
1.529635960929873
1.4077614244102643
1.421113168452081
1.0488917816626562
0.8013404544954307
0.4705235738424204
0.24583535469517945
0.14799006304445594
0.15141485737456145
0.2538407857438446
0.5154143929769531
0.8047236867358012
0.940765426311253
1.084380094535932
0.9739208270136399
0.8716321176774827
0.5972817192026235
0.3163409442905972
-0.09927584102343004
-0.24367610197761963
-0.4434874002867343
-0.4144532425377039
-0.18125650393974896
-0.0046424639272711
0.2978894826155392
0.4998818346517379
0.6025118284473638
0.46499179689604764
0.22164286131039318
0.04275807093667111
-0.35527855503581873
-0.7112677105011174
-0.816278790129268
-0.8508572698805696
-0.806715947906261
-0.7804682722125807
-0.4080235071920597
-0.12212198063184869
-0.1094634708333378
-0.01972207154523538
-0.009816545188988932
-0.29154003754310376
-0.4752026615952069
-0.8689899257545386
-1.1108908916182014
-1.2875811975768512
-1.3166164680719954
-1.3181595282581553
-1.050791553680557
-0.7911853233682945
-0.4674051588978019
-0.3972538652108948
-0.21978278998700174
-0.45888420872285185
-0.6239689098689554
-0.9637517733859863
-1.2644423579900461
-1.490005869634337
-1.6723217744804229
-1.5598323307146689
-1.3180510962130765
-1.20667659855678
-0.8000799651619529
-0.6182189615364356
-0.4674666680051067
-0.44518013450750243
-0.5352366809115194
-0.7998123966498428
-0.9894316223750946
-1.3256836904538258
-1.4574553485583859
-1.6155091423087862
-1.496699756255626
-1.1583710620144094
-0.9451064698153149
-0.551940683315692
-0.3835506391260454
-0.15525009133591977
-0.26379989352246536
-0.31989253320801775
-0.5654041633187554
-0.6962495653418006
-0.9155323165453964
-1.1323654621833206
-1.1511410075916702
-1.1243651077953862
-0.8892003279603147
-0.5704186002678304
-0.14561117317832992
0.10603849947509666
0.2865193902144473
0.2130649605397393
0.07995971323326082
0.011839499041972137
-0.35056456856563367
-0.48669250916384854
-0.6093941274018323
-0.6771859059429931
-0.5334647296490728
-0.26702474248296726
0.1350903857856508
0.3570141468732556
0.6331209759557406
0.8019840963393953
0.7907339088496305
0.6012871224090297
0.466843778153344
0.23910709734164476
-0.039943420411410926
-0.20769758282844478
-0.16042991422107797
0.050200663868457014
0.45250998428303735
0.7441301368573762
0.9819866490987901
1.2531461585651853
1.2118796618181262
1.3097634609864317
1.0012680225049977
0.8725851585335623
0.4679980134784688
0.276910275464053
0.26093965700949384
0.40086900845196693
0.5964451832986102
0.8585013641276241
1.0207069154948019
1.3394812665984832
1.5392250842419632
1.5078161806901285
1.4162708933006467
1.2597923571709504
0.9968303064588452
0.6484557498542804
0.37230228117456576
0.3456982035740175
0.3879855148639175
0.6301405381437403
0.8643014574571988
1.2911231728762997
1.4233316394254594
1.4621755054992174
1.5150342897930171
1.4147553553485546
1.1101369075517296
0.7241988740841938
0.5404073381226021
0.7643384630257967
0.7751414435867906
0.853619119201913
0.7601658956959303
0.7437592940857076
0.8052096459421392
0.6068714829834457
0.7068028778137212
0.5741061475660539
0.5176012251306097
0.5928537870411195
0.6060709491710472
0.45516034336516464
0.47695002051734875
0.3190385570400658
0.31881549152018823
0.32855064502171816
0.3918394539378023
0.27219959072944305
0.17784582436771834
0.1792838835680807
0.07577966094374819
-0.012427325241913117
-0.016380204895599583
0.0879521151624464
-0.024125355346928876
-0.019492121207880075
-0.1946493243960392
-0.12868640838458445
-0.12734016339633464
-0.20958488597021768
-0.271662398666248
-0.27824375541284674
-0.4675750566066126
-0.35784245033745904
-0.4426945326585422
-0.528464850129921
-0.5375041515995829
-0.4959446250405885
-0.628947485321461
-0.6064421865878331
-0.5847755026869275
-0.6118260939104012
-0.8050746862513679
-0.668921411389056
-0.7258987617908286
-0.788255071305414
-0.9135336347469627
-0.8981173705420374
-0.8118779619987659
-0.842876690938519
-1.0095253535104576
-0.9096302653159103
-0.8758452017823369
-0.9157255932057607
-0.9462332049845146
-1.0535690543750156
-1.0085940172220726
-1.000902193630763
-1.0646459983386838
-1.020541085256629
-1.0108050651641334
-1.045346475546946
-0.8997732153314257
-1.0183009917492158
-1.0135146599698572
-0.9992609986510091
-0.951365045541312
-0.8802708324048837
-0.9380552768449147
-0.8670825800886112
-0.9879234456882308
-0.8950709559079555
-0.8629328952451182
-0.8167822615243204
-0.8591994453170045
-0.8394940492803408
-0.7043587155340294
-0.6782047697162316
-0.7573145871530081
-0.6860537782345698
-0.5431118907323652
-0.6822713933980825
-0.5103219564250097
-0.5278534821476085
-0.5792306469205009
-0.5345121021268678
-0.4447026048987671
-0.4642278742937749
-0.33190343427930474
-0.21491456694062233
-0.26834069480155637
-0.17717522114853657
-0.261233775456149
-0.08416779657544607
-0.07709305070450546
-0.11858560210684375
-0.09988905176245114
-0.019445724562295943
0.18508923141535114
0.04411544190926388
0.2459756893398627
0.12634379095577017
0.34428124795139203
0.30979223057320826
0.35607547916274496
0.2791849290894215
0.463110013111278
0.4250437398772344
0.5441404502661036
0.6293605354536936
0.6552227224375881
0.6231299368417971
0.5611819988665971
0.6696484277707279
0.6959701859781319
0.6976261263969753
0.7980493339721206
0.8484495472142878
0.7733617908048501
0.8940988294781903
0.9221070470390165
0.8006808559245622
0.9153249540239254
0.9994225493145574
1.0121833227890598
0.9069028518314353
0.9151819843110058
0.9082467796915115
0.9169911887808974
0.9559177498379771
0.9426003392769948
1.0935204007360932
0.9987936156651441
1.0602173793783973
1.0476370986733308
1.0789264980019868
0.9935526185673255
1.0038151997796287
0.945232312972504
0.8837733907326278
0.9124502800521751
0.888144133481699
0.87403342106726
0.8187475742472338
0.8419754178677267
0.803951415323969
0.8959958819234651
0.849149780890155
0.7222938222976133
0.7952452258187306
0.6990693118790571
0.7774980445203646
0.5848950548698595
0.5747633776453739
0.6657584423734518
0.638293817508288
0.4879033774923013
0.5374854411699252
0.42648615045272015
0.3399469818540002
0.35907607394839147
0.2480318193620292
0.3860780756248879
0.29559281764885303
0.24251065459725812
0.1193839368152734
0.13759493254715013
0.14369660733070022
-0.02970066722767168
0.0052298419467849905